683.0,297.0,77.0,191.0
683.0,297.0,79.0,191.0
685.0,297.0,78.0,190.0
686.0,297.0,77.0,191.0
686.0,296.0,77.0,192.0
686.0,296.0,78.0,192.0
686.0,295.0,79.0,195.0
685.0,294.0,80.0,196.0
685.0,294.0,80.0,196.0
0.0,0.0,0.0,0.0
0.0,0.0,0.0,0.0
0.0,0.0,0.0,0.0
0.0,0.0,0.0,0.0
0.0,0.0,0.0,0.0
0.0,0.0,0.0,0.0
0.0,0.0,0.0,0.0
0.0,0.0,0.0,0.0
0.0,0.0,0.0,0.0
0.0,0.0,0.0,0.0
0.0,0.0,0.0,0.0
0.0,0.0,0.0,0.0
0.0,0.0,0.0,0.0
0.0,0.0,0.0,0.0
0.0,0.0,0.0,0.0
0.0,0.0,0.0,0.0
0.0,0.0,0.0,0.0
0.0,0.0,0.0,0.0
0.0,0.0,0.0,0.0
0.0,0.0,0.0,0.0
0.0,0.0,0.0,0.0
0.0,0.0,0.0,0.0
0.0,0.0,0.0,0.0
0.0,0.0,0.0,0.0
0.0,0.0,0.0,0.0
0.0,0.0,0.0,0.0
0.0,0.0,0.0,0.0
0.0,0.0,0.0,0.0
0.0,0.0,0.0,0.0
0.0,0.0,0.0,0.0
0.0,0.0,0.0,0.0
0.0,0.0,0.0,0.0
0.0,0.0,0.0,0.0
0.0,0.0,0.0,0.0
0.0,0.0,0.0,0.0
0.0,0.0,0.0,0.0
0.0,0.0,0.0,0.0
787.0,213.0,254.0,324.0
757.0,171.0,285.0,366.0
757.0,171.0,285.0,366.0
757.0,172.0,284.0,365.0
757.0,171.0,284.0,366.0
757.0,171.0,284.0,366.0
757.0,171.0,285.0,366.0
757.0,170.0,285.0,367.0
757.0,169.0,285.0,368.0
757.0,169.0,285.0,368.0
757.0,169.0,285.0,368.0
757.0,169.0,285.0,368.0
757.0,169.0,285.0,368.0
757.0,169.0,285.0,368.0
757.0,169.0,285.0,368.0
757.0,169.0,284.0,368.0
757.0,169.0,285.0,368.0
757.0,170.0,285.0,367.0
757.0,170.0,285.0,367.0
757.0,170.0,285.0,367.0
757.0,170.0,285.0,367.0
757.0,169.0,285.0,368.0
757.0,168.0,285.0,369.0
758.0,168.0,284.0,369.0
758.0,168.0,284.0,369.0
758.0,168.0,284.0,369.0
757.0,168.0,285.0,369.0
757.0,168.0,285.0,369.0
757.0,169.0,285.0,368.0
757.0,169.0,285.0,368.0
757.0,170.0,285.0,367.0
757.0,169.0,285.0,368.0
757.0,169.0,285.0,368.0
758.0,168.0,284.0,369.0
758.0,168.0,284.0,369.0
758.0,168.0,284.0,369.0
758.0,168.0,284.0,369.0
758.0,168.0,284.0,369.0
758.0,168.0,284.0,369.0
757.0,169.0,285.0,368.0
757.0,169.0,285.0,368.0
757.0,170.0,285.0,367.0
757.0,170.0,285.0,367.0
757.0,170.0,284.0,367.0
757.0,170.0,284.0,367.0
757.0,169.0,284.0,368.0
757.0,169.0,284.0,368.0
758.0,169.0,283.0,368.0
758.0,169.0,283.0,368.0
758.0,169.0,283.0,368.0
758.0,169.0,283.0,368.0
757.0,169.0,284.0,368.0
757.0,170.0,284.0,367.0
757.0,170.0,284.0,367.0
757.0,170.0,284.0,367.0
757.0,170.0,284.0,367.0
757.0,169.0,284.0,368.0
757.0,169.0,284.0,368.0
757.0,169.0,284.0,368.0
757.0,168.0,284.0,369.0
758.0,168.0,283.0,369.0
758.0,168.0,283.0,369.0
758.0,167.0,283.0,370.0
758.0,153.0,283.0,384.0
759.0,162.0,282.0,375.0
761.0,166.0,280.0,371.0
763.0,153.0,278.0,384.0
767.0,153.0,274.0,384.0
770.0,154.0,271.0,383.0
773.0,154.0,268.0,383.0
775.0,167.0,266.0,370.0
777.0,167.0,264.0,370.0
778.0,162.0,263.0,375.0
778.0,153.0,263.0,384.0
778.0,168.0,263.0,369.0
777.0,168.0,264.0,369.0
777.0,168.0,264.0,369.0
777.0,153.0,264.0,384.0
777.0,154.0,264.0,383.0
777.0,168.0,264.0,369.0
778.0,154.0,263.0,383.0
778.0,168.0,263.0,369.0
778.0,168.0,263.0,369.0
778.0,167.0,263.0,370.0
778.0,167.0,263.0,370.0
778.0,167.0,263.0,370.0
778.0,167.0,263.0,370.0
779.0,167.0,261.0,370.0
779.0,168.0,260.0,369.0
779.0,169.0,259.0,368.0
779.0,169.0,259.0,368.0
770.0,170.0,268.0,367.0
753.0,137.0,287.0,400.0
750.0,167.0,296.0,369.0
754.0,166.0,296.0,370.0
749.0,154.0,302.0,382.0
747.0,168.0,308.0,368.0
750.0,168.0,308.0,368.0
754.0,129.0,304.0,406.0
753.0,137.0,303.0,398.0
753.0,170.0,299.0,365.0
753.0,145.0,299.0,390.0
251.0,152.0,552.0,385.0
299.0,152.0,249.0,384.0
296.0,152.0,244.0,385.0
295.0,152.0,245.0,385.0
296.0,152.0,244.0,385.0
296.0,152.0,243.0,385.0
296.0,151.0,242.0,386.0
296.0,151.0,242.0,386.0
295.0,150.0,243.0,387.0
294.0,150.0,244.0,387.0
295.0,150.0,243.0,387.0
293.0,150.0,245.0,387.0
294.0,149.0,243.0,388.0
294.0,149.0,243.0,388.0
294.0,149.0,242.0,388.0
294.0,149.0,242.0,388.0
292.0,149.0,244.0,388.0
292.0,149.0,244.0,388.0
292.0,149.0,245.0,388.0
292.0,149.0,245.0,388.0
292.0,150.0,246.0,387.0
295.0,150.0,244.0,387.0
296.0,151.0,244.0,386.0
297.0,151.0,243.0,386.0
299.0,151.0,242.0,386.0
304.0,151.0,238.0,386.0
307.0,152.0,235.0,385.0
307.0,152.0,235.0,385.0
310.0,152.0,233.0,385.0
312.0,151.0,232.0,386.0
313.0,150.0,231.0,387.0
315.0,147.0,229.0,390.0
329.0,142.0,214.0,395.0
344.0,139.0,197.0,398.0
348.0,138.0,200.0,399.0
343.0,137.0,200.0,400.0
336.0,135.0,202.0,402.0
325.0,128.0,202.0,409.0
311.0,119.0,201.0,418.0
288.0,116.0,212.0,421.0
267.0,114.0,215.0,423.0
254.0,113.0,212.0,424.0
233.0,111.0,214.0,426.0
212.0,109.0,217.0,428.0
176.0,106.0,225.0,431.0
167.0,105.0,223.0,432.0
381.0,0.0,472.0,536.0
370.0,0.0,482.0,537.0
367.0,0.0,484.0,536.0
367.0,0.0,484.0,536.0
365.0,0.0,486.0,536.0
364.0,0.0,487.0,536.0
362.0,0.0,488.0,536.0
360.0,0.0,490.0,536.0
359.0,0.0,491.0,536.0
358.0,0.0,491.0,536.0
356.0,0.0,493.0,536.0
355.0,0.0,494.0,536.0
353.0,0.0,497.0,536.0
351.0,0.0,499.0,537.0
348.0,0.0,502.0,537.0
347.0,0.0,503.0,537.0
345.0,0.0,505.0,537.0
345.0,0.0,506.0,537.0
341.0,0.0,510.0,537.0
339.0,0.0,513.0,537.0
338.0,0.0,514.0,537.0
338.0,0.0,514.0,536.0
332.0,0.0,522.0,537.0
328.0,0.0,526.0,537.0
328.0,0.0,526.0,537.0
324.0,0.0,531.0,537.0
320.0,0.0,536.0,537.0
316.0,0.0,540.0,537.0
315.0,0.0,541.0,537.0
313.0,0.0,545.0,537.0
311.0,0.0,547.0,536.0
305.0,0.0,550.0,536.0
303.0,0.0,548.0,536.0
306.0,0.0,539.0,536.0
320.0,0.0,519.0,535.0
329.0,0.0,519.0,535.0
342.0,0.0,523.0,535.0
382.0,4.0,470.0,531.0
438.0,19.0,389.0,518.0
393.0,12.0,451.0,524.0
392.0,2.0,456.0,533.0
386.0,1.0,461.0,534.0
375.0,1.0,470.0,535.0
369.0,1.0,474.0,534.0
368.0,1.0,474.0,534.0
496.0,256.0,67.0,151.0
497.0,255.0,69.0,153.0
497.0,254.0,70.0,155.0
497.0,254.0,69.0,154.0
498.0,253.0,70.0,156.0
498.0,252.0,70.0,157.0
498.0,252.0,70.0,157.0
498.0,251.0,70.0,157.0
498.0,251.0,70.0,157.0
498.0,251.0,70.0,157.0
499.0,251.0,69.0,157.0
501.0,251.0,67.0,157.0
500.0,251.0,68.0,157.0
501.0,250.0,67.0,157.0
499.0,247.0,69.0,159.0
499.0,246.0,69.0,161.0
498.0,246.0,69.0,161.0
497.0,247.0,70.0,160.0
497.0,249.0,70.0,158.0
492.0,251.0,74.0,157.0
491.0,251.0,75.0,157.0
493.0,249.0,73.0,160.0
492.0,248.0,73.0,161.0
493.0,246.0,72.0,163.0
494.0,246.0,71.0,163.0
484.0,258.0,84.0,152.0
482.0,258.0,86.0,152.0
495.0,249.0,73.0,161.0
496.0,234.0,72.0,174.0
496.0,234.0,72.0,173.0
496.0,231.0,72.0,177.0
495.0,238.0,73.0,171.0
482.0,270.0,101.0,138.0
505.0,287.0,61.0,127.0
505.0,314.0,74.0,150.0
489.0,384.0,133.0,153.0
0.0,0.0,0.0,0.0
0.0,0.0,0.0,0.0
0.0,0.0,0.0,0.0
0.0,0.0,0.0,0.0
0.0,0.0,0.0,0.0
0.0,0.0,0.0,0.0
0.0,0.0,0.0,0.0
0.0,0.0,0.0,0.0
0.0,0.0,0.0,0.0
0.0,0.0,0.0,0.0
0.0,0.0,0.0,0.0
0.0,0.0,0.0,0.0
0.0,0.0,0.0,0.0
0.0,0.0,0.0,0.0
0.0,0.0,0.0,0.0
961.0,262.0,110.0,198.0
960.0,262.0,112.0,198.0
946.0,252.0,88.0,135.0
966.0,240.0,62.0,102.0
977.0,236.0,47.0,93.0
999.0,230.0,34.0,78.0
0.0,0.0,0.0,0.0
0.0,0.0,0.0,0.0
0.0,0.0,0.0,0.0
0.0,0.0,0.0,0.0
0.0,0.0,0.0,0.0
0.0,0.0,0.0,0.0
0.0,0.0,0.0,0.0
0.0,0.0,0.0,0.0
0.0,0.0,0.0,0.0
0.0,0.0,0.0,0.0
0.0,0.0,0.0,0.0
0.0,0.0,0.0,0.0
0.0,0.0,0.0,0.0
0.0,0.0,0.0,0.0
0.0,0.0,0.0,0.0
0.0,0.0,0.0,0.0
0.0,0.0,0.0,0.0
0.0,0.0,0.0,0.0
0.0,0.0,0.0,0.0
0.0,0.0,0.0,0.0
0.0,0.0,0.0,0.0
0.0,0.0,0.0,0.0
0.0,0.0,0.0,0.0
0.0,0.0,0.0,0.0
0.0,0.0,0.0,0.0
0.0,0.0,0.0,0.0
0.0,0.0,0.0,0.0
0.0,0.0,0.0,0.0
0.0,0.0,0.0,0.0
0.0,0.0,0.0,0.0
0.0,0.0,0.0,0.0
0.0,0.0,0.0,0.0
0.0,0.0,0.0,0.0
0.0,0.0,0.0,0.0
0.0,0.0,0.0,0.0
0.0,0.0,0.0,0.0
0.0,0.0,0.0,0.0
0.0,0.0,0.0,0.0
0.0,0.0,0.0,0.0
0.0,0.0,0.0,0.0
0.0,0.0,0.0,0.0
0.0,0.0,0.0,0.0
0.0,0.0,0.0,0.0
0.0,0.0,0.0,0.0
0.0,0.0,0.0,0.0
0.0,0.0,0.0,0.0
0.0,0.0,0.0,0.0
0.0,0.0,0.0,0.0
0.0,0.0,0.0,0.0
0.0,0.0,0.0,0.0
0.0,0.0,0.0,0.0
0.0,0.0,0.0,0.0
0.0,0.0,0.0,0.0
0.0,0.0,0.0,0.0
0.0,0.0,0.0,0.0
0.0,0.0,0.0,0.0
0.0,0.0,0.0,0.0
0.0,0.0,0.0,0.0
0.0,0.0,0.0,0.0
0.0,0.0,0.0,0.0
0.0,0.0,0.0,0.0
0.0,0.0,0.0,0.0
0.0,0.0,0.0,0.0
0.0,0.0,0.0,0.0
0.0,0.0,0.0,0.0
0.0,0.0,0.0,0.0
0.0,0.0,0.0,0.0
0.0,0.0,0.0,0.0
0.0,0.0,0.0,0.0
0.0,0.0,0.0,0.0
0.0,0.0,0.0,0.0
0.0,0.0,0.0,0.0
0.0,0.0,0.0,0.0
0.0,0.0,0.0,0.0
0.0,0.0,0.0,0.0
0.0,0.0,0.0,0.0
0.0,0.0,0.0,0.0
0.0,0.0,0.0,0.0
0.0,0.0,0.0,0.0
0.0,0.0,0.0,0.0
0.0,0.0,0.0,0.0
0.0,0.0,0.0,0.0
0.0,0.0,0.0,0.0
0.0,0.0,0.0,0.0
0.0,0.0,0.0,0.0
0.0,0.0,0.0,0.0
0.0,0.0,0.0,0.0
0.0,0.0,0.0,0.0
0.0,0.0,0.0,0.0
0.0,0.0,0.0,0.0
0.0,0.0,0.0,0.0
0.0,0.0,0.0,0.0
0.0,0.0,0.0,0.0
0.0,0.0,0.0,0.0
0.0,0.0,0.0,0.0
0.0,0.0,0.0,0.0
0.0,0.0,0.0,0.0
0.0,0.0,0.0,0.0
0.0,0.0,0.0,0.0
0.0,0.0,0.0,0.0
0.0,0.0,0.0,0.0
0.0,0.0,0.0,0.0
0.0,0.0,0.0,0.0
0.0,0.0,0.0,0.0
0.0,0.0,0.0,0.0
0.0,0.0,0.0,0.0
0.0,0.0,0.0,0.0
0.0,0.0,0.0,0.0
0.0,0.0,0.0,0.0
0.0,0.0,0.0,0.0
0.0,0.0,0.0,0.0
0.0,0.0,0.0,0.0
0.0,0.0,0.0,0.0
0.0,0.0,0.0,0.0
0.0,0.0,0.0,0.0
0.0,0.0,0.0,0.0
0.0,0.0,0.0,0.0
0.0,0.0,0.0,0.0
0.0,0.0,0.0,0.0
0.0,0.0,0.0,0.0
0.0,0.0,0.0,0.0
0.0,0.0,0.0,0.0
0.0,0.0,0.0,0.0
0.0,0.0,0.0,0.0
0.0,0.0,0.0,0.0
0.0,0.0,0.0,0.0
0.0,0.0,0.0,0.0
0.0,0.0,0.0,0.0
0.0,0.0,0.0,0.0
0.0,0.0,0.0,0.0
0.0,0.0,0.0,0.0
0.0,0.0,0.0,0.0
0.0,0.0,0.0,0.0
0.0,0.0,0.0,0.0
0.0,0.0,0.0,0.0
0.0,0.0,0.0,0.0
0.0,0.0,0.0,0.0
0.0,0.0,0.0,0.0
0.0,0.0,0.0,0.0
0.0,0.0,0.0,0.0
0.0,0.0,0.0,0.0
0.0,0.0,0.0,0.0
0.0,0.0,0.0,0.0
0.0,0.0,0.0,0.0
0.0,0.0,0.0,0.0
0.0,0.0,0.0,0.0
0.0,0.0,0.0,0.0
0.0,0.0,0.0,0.0
0.0,0.0,0.0,0.0
0.0,0.0,0.0,0.0
0.0,0.0,0.0,0.0
0.0,0.0,0.0,0.0
0.0,0.0,0.0,0.0
0.0,0.0,0.0,0.0
0.0,0.0,0.0,0.0
0.0,0.0,0.0,0.0
0.0,0.0,0.0,0.0
0.0,0.0,0.0,0.0
0.0,0.0,0.0,0.0
0.0,0.0,0.0,0.0
0.0,0.0,0.0,0.0
0.0,0.0,0.0,0.0
524.0,463.0,137.0,74.0
504.0,424.0,121.0,112.0
495.0,404.0,115.0,133.0
486.0,390.0,132.0,147.0
498.0,360.0,116.0,176.0
495.0,301.0,124.0,231.0
498.0,301.0,112.0,197.0
486.0,278.0,138.0,252.0
500.0,257.0,125.0,256.0
495.0,238.0,138.0,254.0
491.0,214.0,133.0,306.0
503.0,215.0,122.0,311.0
496.0,224.0,137.0,285.0
514.0,207.0,127.0,281.0
512.0,181.0,132.0,257.0
507.0,140.0,164.0,290.0
516.0,141.0,155.0,364.0
541.0,137.0,131.0,293.0
534.0,167.0,141.0,294.0
519.0,183.0,150.0,291.0
520.0,321.0,160.0,74.0
504.0,205.0,176.0,329.0
510.0,200.0,179.0,329.0
500.0,187.0,197.0,344.0
497.0,153.0,203.0,362.0
497.0,151.0,167.0,307.0
472.0,111.0,193.0,378.0
444.0,106.0,220.0,328.0
436.0,96.0,229.0,383.0
454.0,83.0,215.0,387.0
455.0,106.0,215.0,387.0
459.0,134.0,224.0,399.0
504.0,152.0,186.0,382.0
503.0,150.0,203.0,385.0
514.0,144.0,206.0,391.0
517.0,141.0,225.0,396.0
507.0,158.0,244.0,377.0
497.0,152.0,223.0,384.0
484.0,138.0,241.0,399.0
461.0,132.0,275.0,404.0
461.0,115.0,282.0,422.0
468.0,98.0,277.0,439.0
454.0,4.0,286.0,532.0
449.0,53.0,306.0,484.0
448.0,36.0,311.0,499.0
448.0,36.0,311.0,499.0
440.0,48.0,354.0,484.0
401.0,24.0,385.0,513.0
418.0,8.0,386.0,529.0
404.0,2.0,436.0,535.0
0.0,0.0,0.0,0.0
0.0,0.0,0.0,0.0
0.0,0.0,0.0,0.0
0.0,0.0,0.0,0.0
0.0,0.0,0.0,0.0
0.0,0.0,0.0,0.0
0.0,0.0,0.0,0.0
0.0,0.0,0.0,0.0
0.0,0.0,0.0,0.0
0.0,0.0,0.0,0.0
0.0,0.0,0.0,0.0
0.0,0.0,0.0,0.0
0.0,0.0,0.0,0.0
0.0,0.0,0.0,0.0
0.0,0.0,0.0,0.0
0.0,0.0,0.0,0.0
0.0,0.0,0.0,0.0
0.0,0.0,0.0,0.0
0.0,0.0,0.0,0.0
0.0,0.0,0.0,0.0
0.0,0.0,0.0,0.0
0.0,0.0,0.0,0.0
0.0,0.0,0.0,0.0
0.0,0.0,0.0,0.0
0.0,0.0,0.0,0.0
0.0,0.0,0.0,0.0
0.0,0.0,0.0,0.0
0.0,0.0,0.0,0.0
0.0,0.0,0.0,0.0
0.0,0.0,0.0,0.0
0.0,0.0,0.0,0.0
0.0,0.0,0.0,0.0
0.0,0.0,0.0,0.0
0.0,0.0,0.0,0.0
0.0,0.0,0.0,0.0
0.0,0.0,0.0,0.0
0.0,0.0,0.0,0.0
0.0,0.0,0.0,0.0
0.0,0.0,0.0,0.0
0.0,0.0,0.0,0.0
0.0,0.0,0.0,0.0
0.0,0.0,0.0,0.0
0.0,0.0,0.0,0.0
0.0,0.0,0.0,0.0
0.0,0.0,0.0,0.0
0.0,0.0,0.0,0.0
0.0,0.0,0.0,0.0
0.0,0.0,0.0,0.0
0.0,0.0,0.0,0.0
0.0,0.0,0.0,0.0
0.0,0.0,0.0,0.0
0.0,0.0,0.0,0.0
0.0,0.0,0.0,0.0
0.0,0.0,0.0,0.0
0.0,0.0,0.0,0.0
0.0,0.0,0.0,0.0
0.0,0.0,0.0,0.0
0.0,0.0,0.0,0.0
0.0,0.0,0.0,0.0
0.0,0.0,0.0,0.0
0.0,0.0,0.0,0.0
0.0,0.0,0.0,0.0
0.0,0.0,0.0,0.0
0.0,0.0,0.0,0.0
0.0,0.0,0.0,0.0
0.0,0.0,0.0,0.0
0.0,0.0,0.0,0.0
0.0,0.0,0.0,0.0
0.0,0.0,0.0,0.0
0.0,0.0,0.0,0.0
0.0,0.0,0.0,0.0
0.0,0.0,0.0,0.0
0.0,0.0,0.0,0.0
0.0,0.0,0.0,0.0
0.0,0.0,0.0,0.0
0.0,0.0,0.0,0.0
0.0,0.0,0.0,0.0
441.0,366.0,100.0,88.0
511.0,253.0,140.0,185.0
608.0,191.0,219.0,277.0
0.0,0.0,0.0,0.0
0.0,0.0,0.0,0.0
0.0,0.0,0.0,0.0
0.0,0.0,0.0,0.0
0.0,0.0,0.0,0.0
0.0,0.0,0.0,0.0
0.0,0.0,0.0,0.0
0.0,0.0,0.0,0.0
0.0,0.0,0.0,0.0
0.0,0.0,0.0,0.0
0.0,0.0,0.0,0.0
0.0,0.0,0.0,0.0
0.0,0.0,0.0,0.0
0.0,0.0,0.0,0.0
0.0,0.0,0.0,0.0
0.0,0.0,0.0,0.0
0.0,0.0,0.0,0.0
326.0,58.0,607.0,477.0
0.0,0.0,0.0,0.0
0.0,0.0,0.0,0.0
0.0,0.0,0.0,0.0
0.0,0.0,0.0,0.0
554.0,135.0,119.0,204.0
561.0,127.0,107.0,255.0
567.0,125.0,93.0,269.0
565.0,129.0,115.0,278.0
576.0,119.0,98.0,238.0
557.0,179.0,131.0,199.0
596.0,329.0,59.0,67.0
612.0,299.0,160.0,143.0
624.0,306.0,128.0,148.0
623.0,192.0,136.0,204.0
621.0,192.0,138.0,204.0
639.0,245.0,104.0,111.0
644.0,243.0,111.0,135.0
662.0,185.0,148.0,201.0
636.0,255.0,147.0,160.0
657.0,154.0,144.0,252.0
646.0,47.0,187.0,343.0
667.0,19.0,198.0,289.0
660.0,41.0,220.0,228.0
656.0,15.0,177.0,127.0
642.0,2.0,189.0,133.0
672.0,0.0,218.0,122.0
667.0,0.0,264.0,98.0
708.0,26.0,232.0,158.0
666.0,45.0,304.0,200.0
646.0,173.0,351.0,184.0
805.0,401.0,205.0,119.0
690.0,233.0,262.0,293.0
724.0,124.0,278.0,316.0
752.0,0.0,310.0,316.0
768.0,0.0,333.0,192.0
825.0,0.0,455.0,170.0
892.0,0.0,388.0,226.0
1038.0,0.0,242.0,328.0
1038.0,0.0,242.0,328.0
456.0,151.0,132.0,291.0
457.0,103.0,148.0,313.0
465.0,75.0,144.0,360.0
460.0,187.0,173.0,220.0
455.0,273.0,183.0,256.0
431.0,241.0,253.0,290.0
430.0,236.0,240.0,292.0
428.0,228.0,267.0,278.0
424.0,247.0,280.0,249.0
421.0,230.0,289.0,249.0
415.0,245.0,298.0,229.0
412.0,211.0,300.0,244.0
417.0,183.0,311.0,261.0
422.0,146.0,318.0,284.0
418.0,110.0,352.0,322.0
418.0,87.0,380.0,357.0
414.0,71.0,396.0,396.0
359.0,60.0,465.0,416.0
348.0,36.0,505.0,482.0
344.0,16.0,522.0,506.0
352.0,1.0,658.0,512.0
357.0,0.0,661.0,512.0
356.0,0.0,663.0,512.0
353.0,0.0,515.0,526.0
357.0,0.0,571.0,527.0
361.0,0.0,570.0,526.0
365.0,1.0,574.0,525.0
377.0,0.0,572.0,526.0
392.0,0.0,556.0,521.0
395.0,0.0,550.0,519.0
396.0,0.0,545.0,518.0
395.0,0.0,544.0,517.0
393.0,0.0,585.0,518.0
392.0,2.0,620.0,514.0
389.0,1.0,644.0,517.0
388.0,1.0,635.0,516.0
388.0,1.0,583.0,532.0
391.0,0.0,539.0,535.0
396.0,1.0,532.0,534.0
407.0,0.0,516.0,515.0
418.0,0.0,496.0,466.0
427.0,0.0,481.0,466.0
428.0,0.0,481.0,466.0
428.0,0.0,500.0,486.0
426.0,0.0,514.0,529.0
426.0,0.0,514.0,532.0
425.0,0.0,517.0,535.0
533.0,210.0,221.0,284.0
530.0,203.0,222.0,295.0
527.0,211.0,225.0,283.0
523.0,233.0,230.0,260.0
522.0,268.0,231.0,225.0
527.0,272.0,224.0,224.0
530.0,251.0,217.0,241.0
536.0,220.0,207.0,270.0
538.0,194.0,203.0,295.0
538.0,184.0,200.0,307.0
541.0,183.0,191.0,308.0
540.0,187.0,181.0,303.0
540.0,187.0,182.0,303.0
542.0,181.0,186.0,310.0
542.0,178.0,186.0,314.0
543.0,176.0,184.0,315.0
543.0,179.0,183.0,311.0
543.0,187.0,183.0,303.0
543.0,190.0,183.0,301.0
542.0,189.0,182.0,302.0
542.0,188.0,180.0,303.0
542.0,185.0,179.0,306.0
542.0,185.0,179.0,306.0
541.0,184.0,180.0,307.0
539.0,184.0,181.0,307.0
538.0,184.0,181.0,307.0
538.0,185.0,181.0,306.0
536.0,189.0,183.0,302.0
532.0,204.0,187.0,287.0
534.0,208.0,184.0,283.0
537.0,212.0,186.0,278.0
541.0,216.0,191.0,275.0
542.0,224.0,196.0,265.0
538.0,212.0,213.0,278.0
538.0,186.0,214.0,302.0
538.0,168.0,209.0,322.0
538.0,167.0,207.0,321.0
539.0,167.0,206.0,323.0
537.0,167.0,209.0,321.0
538.0,168.0,209.0,322.0
538.0,169.0,209.0,321.0
538.0,169.0,207.0,319.0
537.0,177.0,213.0,311.0
537.0,186.0,214.0,302.0
536.0,194.0,214.0,293.0
536.0,194.0,214.0,294.0
537.0,203.0,213.0,291.0
540.0,215.0,231.0,275.0
547.0,224.0,243.0,266.0
547.0,224.0,253.0,266.0
548.0,226.0,255.0,264.0
547.0,227.0,241.0,264.0
547.0,217.0,202.0,274.0
541.0,213.0,202.0,278.0
544.0,210.0,200.0,281.0
545.0,209.0,207.0,282.0
545.0,209.0,214.0,282.0
545.0,204.0,217.0,287.0
545.0,193.0,211.0,295.0
546.0,186.0,200.0,301.0
545.0,184.0,201.0,303.0
546.0,186.0,207.0,301.0
546.0,191.0,212.0,296.0
545.0,196.0,215.0,291.0
544.0,201.0,217.0,288.0
541.0,209.0,221.0,280.0
538.0,224.0,224.0,266.0
546.0,217.0,196.0,273.0
543.0,209.0,181.0,280.0
542.0,209.0,182.0,280.0
528.0,187.0,183.0,301.0
527.0,170.0,186.0,315.0
533.0,162.0,203.0,304.0
553.0,154.0,208.0,325.0
579.0,145.0,231.0,324.0
591.0,143.0,280.0,320.0
616.0,141.0,311.0,317.0
631.0,138.0,301.0,327.0
631.0,134.0,297.0,332.0
644.0,129.0,289.0,337.0
644.0,123.0,322.0,344.0
659.0,116.0,354.0,374.0
687.0,108.0,373.0,390.0
701.0,97.0,394.0,401.0
718.0,94.0,410.0,385.0
734.0,98.0,417.0,369.0
745.0,82.0,425.0,381.0
777.0,58.0,419.0,396.0
806.0,36.0,428.0,405.0
819.0,25.0,457.0,443.0
834.0,19.0,446.0,451.0
533.0,115.0,236.0,345.0
529.0,113.0,239.0,345.0
529.0,113.0,239.0,345.0
529.0,109.0,237.0,357.0
532.0,109.0,234.0,357.0
543.0,110.0,227.0,348.0
551.0,108.0,223.0,317.0
565.0,95.0,224.0,333.0
571.0,78.0,234.0,356.0
628.0,83.0,231.0,317.0
619.0,118.0,288.0,274.0
649.0,150.0,282.0,225.0
654.0,171.0,287.0,216.0
653.0,191.0,275.0,221.0
657.0,172.0,301.0,245.0
692.0,151.0,255.0,224.0
704.0,138.0,221.0,223.0
704.0,176.0,130.0,189.0
691.0,121.0,173.0,232.0
700.0,94.0,138.0,258.0
707.0,87.0,118.0,239.0
681.0,90.0,138.0,208.0
700.0,96.0,107.0,198.0
697.0,91.0,111.0,180.0
703.0,82.0,97.0,113.0
703.0,82.0,97.0,112.0
706.0,72.0,90.0,135.0
703.0,56.0,81.0,158.0
709.0,60.0,62.0,135.0
693.0,59.0,71.0,144.0
700.0,59.0,61.0,108.0
706.0,60.0,57.0,99.0
698.0,67.0,61.0,99.0
696.0,77.0,47.0,88.0
708.0,85.0,50.0,61.0
720.0,92.0,50.0,66.0
741.0,99.0,54.0,54.0
775.0,100.0,47.0,35.0
806.0,119.0,72.0,55.0
0.0,0.0,0.0,0.0
0.0,0.0,0.0,0.0
0.0,0.0,0.0,0.0
0.0,0.0,0.0,0.0
0.0,0.0,0.0,0.0
0.0,0.0,0.0,0.0
0.0,0.0,0.0,0.0
0.0,0.0,0.0,0.0
0.0,0.0,0.0,0.0
0.0,0.0,0.0,0.0
0.0,0.0,0.0,0.0
0.0,0.0,0.0,0.0
0.0,0.0,0.0,0.0
0.0,0.0,0.0,0.0
0.0,0.0,0.0,0.0
0.0,0.0,0.0,0.0
0.0,0.0,0.0,0.0
0.0,0.0,0.0,0.0
0.0,0.0,0.0,0.0
0.0,0.0,0.0,0.0
0.0,0.0,0.0,0.0
0.0,0.0,0.0,0.0
0.0,0.0,0.0,0.0
0.0,0.0,0.0,0.0
0.0,0.0,0.0,0.0
0.0,0.0,0.0,0.0
0.0,0.0,0.0,0.0
0.0,0.0,0.0,0.0
0.0,0.0,0.0,0.0
0.0,0.0,0.0,0.0
0.0,0.0,0.0,0.0
272.0,36.0,246.0,498.0
496.0,46.0,237.0,487.0
499.0,48.0,233.0,486.0
746.0,38.0,246.0,499.0
1012.0,18.0,268.0,512.0
0.0,0.0,0.0,0.0
0.0,0.0,0.0,0.0
0.0,0.0,0.0,0.0
0.0,0.0,0.0,0.0
0.0,0.0,0.0,0.0
0.0,0.0,0.0,0.0
0.0,0.0,0.0,0.0
0.0,0.0,0.0,0.0
0.0,0.0,0.0,0.0
0.0,0.0,0.0,0.0
0.0,0.0,0.0,0.0
0.0,0.0,0.0,0.0
0.0,0.0,0.0,0.0
0.0,0.0,0.0,0.0
0.0,0.0,0.0,0.0
0.0,0.0,0.0,0.0
0.0,0.0,0.0,0.0
0.0,0.0,0.0,0.0
0.0,0.0,0.0,0.0
0.0,0.0,0.0,0.0
0.0,0.0,0.0,0.0
0.0,0.0,0.0,0.0
0.0,0.0,0.0,0.0
0.0,0.0,0.0,0.0
0.0,0.0,0.0,0.0
0.0,0.0,0.0,0.0
0.0,0.0,0.0,0.0
0.0,0.0,0.0,0.0
0.0,0.0,0.0,0.0
0.0,0.0,0.0,0.0
0.0,0.0,0.0,0.0
0.0,0.0,0.0,0.0
0.0,0.0,0.0,0.0
0.0,0.0,0.0,0.0
0.0,0.0,0.0,0.0
0.0,0.0,0.0,0.0
0.0,0.0,0.0,0.0
0.0,0.0,0.0,0.0
0.0,0.0,0.0,0.0
0.0,0.0,0.0,0.0
0.0,0.0,0.0,0.0
0.0,0.0,0.0,0.0
0.0,0.0,0.0,0.0
0.0,0.0,0.0,0.0
212.0,253.0,157.0,106.0
216.0,219.0,168.0,132.0
220.0,208.0,212.0,142.0
337.0,155.0,143.0,212.0
380.0,68.0,135.0,261.0
400.0,3.0,166.0,338.0
437.0,0.0,226.0,334.0
509.0,0.0,322.0,510.0
615.0,0.0,543.0,537.0
849.0,158.0,431.0,379.0
0.0,0.0,0.0,0.0
0.0,0.0,0.0,0.0
0.0,0.0,0.0,0.0
0.0,0.0,0.0,0.0
0.0,0.0,0.0,0.0
0.0,0.0,0.0,0.0
0.0,0.0,0.0,0.0
0.0,0.0,0.0,0.0
0.0,0.0,0.0,0.0
0.0,0.0,0.0,0.0
0.0,0.0,0.0,0.0
0.0,0.0,0.0,0.0
0.0,0.0,0.0,0.0
0.0,0.0,0.0,0.0
0.0,0.0,0.0,0.0
0.0,0.0,0.0,0.0
0.0,0.0,0.0,0.0
0.0,0.0,0.0,0.0
0.0,0.0,0.0,0.0
0.0,0.0,0.0,0.0
0.0,0.0,0.0,0.0
0.0,0.0,0.0,0.0
0.0,0.0,0.0,0.0
0.0,0.0,0.0,0.0
0.0,0.0,0.0,0.0
0.0,0.0,0.0,0.0
0.0,0.0,0.0,0.0
0.0,0.0,0.0,0.0
0.0,0.0,0.0,0.0
0.0,0.0,0.0,0.0
0.0,0.0,0.0,0.0
0.0,0.0,0.0,0.0
0.0,0.0,0.0,0.0
0.0,0.0,0.0,0.0
0.0,0.0,0.0,0.0
0.0,0.0,0.0,0.0
0.0,0.0,0.0,0.0
0.0,0.0,0.0,0.0
0.0,0.0,0.0,0.0
0.0,0.0,0.0,0.0
0.0,0.0,0.0,0.0
0.0,0.0,0.0,0.0
0.0,0.0,0.0,0.0
0.0,0.0,0.0,0.0
0.0,0.0,0.0,0.0
0.0,0.0,0.0,0.0
0.0,0.0,0.0,0.0
0.0,0.0,0.0,0.0
0.0,0.0,0.0,0.0
0.0,0.0,0.0,0.0
0.0,0.0,0.0,0.0
0.0,0.0,0.0,0.0
0.0,0.0,0.0,0.0
0.0,0.0,0.0,0.0
0.0,0.0,0.0,0.0
0.0,0.0,0.0,0.0
0.0,0.0,0.0,0.0
0.0,0.0,0.0,0.0
0.0,0.0,0.0,0.0
0.0,0.0,0.0,0.0
0.0,0.0,0.0,0.0
0.0,0.0,0.0,0.0
0.0,0.0,0.0,0.0
0.0,0.0,0.0,0.0
0.0,0.0,0.0,0.0
0.0,0.0,0.0,0.0
0.0,0.0,0.0,0.0
0.0,0.0,0.0,0.0
0.0,0.0,0.0,0.0
0.0,0.0,0.0,0.0
0.0,0.0,0.0,0.0
0.0,0.0,0.0,0.0
0.0,0.0,0.0,0.0
0.0,0.0,0.0,0.0
0.0,0.0,0.0,0.0
0.0,0.0,0.0,0.0
0.0,0.0,0.0,0.0
0.0,0.0,0.0,0.0
0.0,0.0,0.0,0.0
0.0,0.0,0.0,0.0
0.0,0.0,0.0,0.0
0.0,0.0,0.0,0.0
0.0,0.0,0.0,0.0
0.0,0.0,0.0,0.0
0.0,0.0,0.0,0.0
0.0,0.0,0.0,0.0
0.0,0.0,0.0,0.0
0.0,0.0,0.0,0.0
0.0,0.0,0.0,0.0
0.0,0.0,0.0,0.0
0.0,0.0,0.0,0.0
0.0,0.0,0.0,0.0
0.0,0.0,0.0,0.0
0.0,0.0,0.0,0.0
0.0,0.0,0.0,0.0
0.0,0.0,0.0,0.0
0.0,0.0,0.0,0.0
0.0,0.0,0.0,0.0
0.0,0.0,0.0,0.0
0.0,0.0,0.0,0.0
0.0,0.0,0.0,0.0
0.0,0.0,0.0,0.0
0.0,0.0,0.0,0.0
0.0,0.0,0.0,0.0
0.0,0.0,0.0,0.0
0.0,0.0,0.0,0.0
0.0,0.0,0.0,0.0
0.0,0.0,0.0,0.0
0.0,0.0,0.0,0.0
0.0,0.0,0.0,0.0
0.0,0.0,0.0,0.0
0.0,0.0,0.0,0.0
0.0,0.0,0.0,0.0
0.0,0.0,0.0,0.0
0.0,0.0,0.0,0.0
0.0,0.0,0.0,0.0
0.0,0.0,0.0,0.0
0.0,0.0,0.0,0.0
0.0,0.0,0.0,0.0
0.0,0.0,0.0,0.0
0.0,0.0,0.0,0.0
0.0,0.0,0.0,0.0
0.0,0.0,0.0,0.0
0.0,0.0,0.0,0.0
0.0,0.0,0.0,0.0
627.0,217.0,61.0,106.0
669.0,213.0,49.0,107.0
0.0,0.0,0.0,0.0
0.0,0.0,0.0,0.0
0.0,0.0,0.0,0.0
0.0,0.0,0.0,0.0
0.0,0.0,0.0,0.0
0.0,0.0,0.0,0.0
0.0,0.0,0.0,0.0
0.0,0.0,0.0,0.0
0.0,0.0,0.0,0.0
739.0,220.0,55.0,155.0
739.0,212.0,65.0,150.0
743.0,212.0,60.0,149.0
740.0,217.0,64.0,152.0
752.0,223.0,52.0,163.0
739.0,227.0,61.0,138.0
730.0,228.0,70.0,135.0
716.0,221.0,62.0,165.0
669.0,187.0,71.0,190.0
635.0,196.0,77.0,183.0
613.0,195.0,81.0,179.0
572.0,52.0,253.0,483.0
595.0,44.0,229.0,361.0
0.0,0.0,0.0,0.0
669.0,32.0,141.0,396.0
659.0,23.0,209.0,374.0
661.0,59.0,243.0,478.0
661.0,59.0,243.0,477.0
673.0,109.0,260.0,428.0
700.0,184.0,239.0,352.0
757.0,184.0,207.0,351.0
741.0,136.0,245.0,400.0
753.0,100.0,229.0,436.0
738.0,80.0,247.0,455.0
766.0,68.0,223.0,469.0
780.0,74.0,215.0,460.0
783.0,130.0,249.0,406.0
787.0,120.0,241.0,417.0
771.0,88.0,252.0,449.0
771.0,72.0,227.0,465.0
738.0,48.0,246.0,472.0
722.0,38.0,281.0,498.0
647.0,22.0,271.0,515.0
625.0,27.0,265.0,510.0
594.0,44.0,277.0,492.0
558.0,52.0,284.0,483.0
528.0,60.0,258.0,476.0
495.0,65.0,457.0,470.0
448.0,61.0,295.0,474.0
408.0,59.0,319.0,478.0
353.0,60.0,340.0,477.0
352.0,60.0,341.0,477.0
372.0,54.0,266.0,483.0
342.0,56.0,304.0,481.0
331.0,54.0,274.0,481.0
302.0,58.0,338.0,478.0
350.0,70.0,308.0,467.0
359.0,80.0,402.0,457.0
318.0,93.0,473.0,444.0
354.0,100.0,398.0,437.0
339.0,107.0,462.0,429.0
398.0,94.0,421.0,443.0
395.0,86.0,439.0,449.0
397.0,92.0,478.0,444.0
447.0,95.0,474.0,440.0
529.0,109.0,456.0,426.0
467.0,82.0,636.0,453.0
347.0,48.0,848.0,489.0
740.0,27.0,540.0,508.0
795.0,1.0,485.0,534.0
890.0,0.0,390.0,535.0
984.0,0.0,296.0,537.0
994.0,0.0,286.0,536.0
1075.0,0.0,205.0,535.0
1074.0,0.0,206.0,535.0
1201.0,424.0,79.0,113.0
0.0,0.0,0.0,0.0
0.0,0.0,0.0,0.0
0.0,0.0,0.0,0.0
0.0,0.0,0.0,0.0
0.0,0.0,0.0,0.0
0.0,0.0,0.0,0.0
0.0,0.0,0.0,0.0
0.0,0.0,0.0,0.0
0.0,0.0,0.0,0.0
0.0,0.0,0.0,0.0
0.0,0.0,0.0,0.0
0.0,0.0,0.0,0.0
0.0,0.0,0.0,0.0
0.0,0.0,0.0,0.0
0.0,0.0,0.0,0.0
0.0,0.0,0.0,0.0
0.0,0.0,0.0,0.0
0.0,0.0,0.0,0.0
0.0,0.0,0.0,0.0
0.0,0.0,0.0,0.0
0.0,0.0,0.0,0.0
0.0,0.0,0.0,0.0
0.0,0.0,0.0,0.0
0.0,0.0,0.0,0.0
0.0,0.0,0.0,0.0
0.0,0.0,0.0,0.0
0.0,0.0,0.0,0.0
0.0,0.0,0.0,0.0
0.0,0.0,0.0,0.0
0.0,0.0,0.0,0.0
0.0,0.0,0.0,0.0
0.0,0.0,0.0,0.0
0.0,0.0,0.0,0.0
0.0,0.0,0.0,0.0
0.0,0.0,0.0,0.0
0.0,0.0,0.0,0.0
0.0,0.0,0.0,0.0
0.0,0.0,0.0,0.0
0.0,0.0,0.0,0.0
0.0,0.0,0.0,0.0
0.0,0.0,0.0,0.0
0.0,0.0,0.0,0.0
0.0,0.0,0.0,0.0
0.0,0.0,0.0,0.0
0.0,0.0,0.0,0.0
0.0,0.0,0.0,0.0
0.0,0.0,0.0,0.0
0.0,0.0,0.0,0.0
0.0,0.0,0.0,0.0
0.0,0.0,0.0,0.0
0.0,0.0,0.0,0.0
0.0,0.0,0.0,0.0
0.0,0.0,0.0,0.0
0.0,0.0,0.0,0.0
0.0,0.0,0.0,0.0
0.0,0.0,0.0,0.0
0.0,0.0,0.0,0.0
0.0,0.0,0.0,0.0
0.0,0.0,0.0,0.0
0.0,0.0,0.0,0.0
0.0,0.0,0.0,0.0
0.0,0.0,0.0,0.0
0.0,0.0,0.0,0.0
0.0,0.0,0.0,0.0
0.0,0.0,0.0,0.0
0.0,0.0,0.0,0.0
0.0,0.0,0.0,0.0
0.0,0.0,0.0,0.0
0.0,0.0,0.0,0.0
0.0,0.0,0.0,0.0
0.0,0.0,0.0,0.0
0.0,0.0,0.0,0.0
0.0,0.0,0.0,0.0
0.0,0.0,0.0,0.0
0.0,0.0,0.0,0.0
0.0,0.0,0.0,0.0
0.0,0.0,0.0,0.0
0.0,0.0,0.0,0.0
0.0,0.0,0.0,0.0
553.0,179.0,220.0,262.0
628.0,160.0,220.0,224.0
679.0,124.0,230.0,402.0
743.0,101.0,236.0,368.0
797.0,99.0,231.0,380.0
834.0,118.0,216.0,365.0
820.0,147.0,245.0,353.0
720.0,197.0,265.0,338.0
699.0,185.0,236.0,350.0
708.0,175.0,250.0,358.0
732.0,173.0,179.0,343.0
750.0,152.0,155.0,330.0
735.0,156.0,184.0,368.0
733.0,156.0,186.0,368.0
701.0,164.0,206.0,348.0
680.0,176.0,206.0,280.0
669.0,195.0,192.0,259.0
670.0,202.0,183.0,251.0
658.0,195.0,187.0,258.0
656.0,181.0,184.0,271.0
655.0,172.0,171.0,280.0
641.0,166.0,187.0,282.0
638.0,167.0,191.0,280.0
615.0,173.0,212.0,280.0
645.0,179.0,180.0,272.0
643.0,172.0,181.0,283.0
641.0,144.0,198.0,311.0
630.0,123.0,211.0,340.0
629.0,113.0,216.0,344.0
629.0,110.0,217.0,347.0
629.0,112.0,219.0,345.0
627.0,134.0,227.0,327.0
626.0,136.0,231.0,308.0
635.0,122.0,200.0,322.0
639.0,109.0,182.0,367.0
639.0,111.0,186.0,355.0
638.0,111.0,187.0,356.0
649.0,117.0,168.0,357.0
579.0,106.0,229.0,367.0
546.0,80.0,317.0,433.0
587.0,46.0,312.0,472.0
696.0,3.0,327.0,533.0
805.0,0.0,465.0,535.0
695.0,0.0,490.0,536.0
311.0,3.0,382.0,533.0
28.0,2.0,340.0,535.0
0.0,135.0,126.0,402.0
0.0,237.0,113.0,300.0
46.0,288.0,89.0,241.0
101.0,318.0,74.0,172.0
160.0,336.0,56.0,138.0
190.0,352.0,69.0,122.0
0.0,0.0,0.0,0.0
0.0,0.0,0.0,0.0
0.0,0.0,0.0,0.0
0.0,0.0,0.0,0.0
0.0,0.0,0.0,0.0
0.0,0.0,0.0,0.0
0.0,0.0,0.0,0.0
0.0,0.0,0.0,0.0
0.0,0.0,0.0,0.0
0.0,0.0,0.0,0.0
0.0,0.0,0.0,0.0
996.0,0.0,200.0,409.0
909.0,0.0,192.0,323.0
831.0,16.0,164.0,376.0
803.0,59.0,160.0,399.0
792.0,103.0,158.0,392.0
787.0,140.0,156.0,383.0
776.0,177.0,158.0,357.0
781.0,208.0,135.0,326.0
764.0,190.0,157.0,344.0
732.0,218.0,166.0,318.0
714.0,218.0,155.0,319.0
670.0,238.0,162.0,299.0
637.0,247.0,201.0,290.0
623.0,231.0,175.0,306.0
594.0,193.0,174.0,342.0
577.0,168.0,191.0,367.0
562.0,183.0,172.0,354.0
575.0,196.0,157.0,341.0
556.0,232.0,220.0,249.0
526.0,210.0,245.0,327.0
526.0,207.0,244.0,330.0
498.0,295.0,190.0,242.0
437.0,335.0,244.0,202.0
350.0,354.0,335.0,183.0
395.0,318.0,324.0,218.0
429.0,339.0,300.0,198.0
435.0,309.0,305.0,219.0
431.0,334.0,336.0,203.0
392.0,292.0,316.0,245.0
358.0,272.0,301.0,263.0
329.0,230.0,292.0,307.0
322.0,225.0,286.0,312.0
292.0,182.0,315.0,355.0
301.0,187.0,283.0,350.0
310.0,181.0,283.0,355.0
329.0,169.0,250.0,368.0
334.0,152.0,274.0,385.0
331.0,165.0,287.0,372.0
335.0,146.0,267.0,391.0
344.0,157.0,260.0,380.0
289.0,198.0,331.0,339.0
222.0,218.0,358.0,319.0
172.0,233.0,340.0,304.0
172.0,233.0,340.0,304.0
14.0,202.0,409.0,335.0
0.0,114.0,321.0,423.0
0.0,100.0,208.0,437.0
0.0,110.0,234.0,427.0
0.0,0.0,0.0,0.0
0.0,0.0,0.0,0.0
0.0,0.0,0.0,0.0
0.0,0.0,0.0,0.0
0.0,0.0,0.0,0.0
0.0,0.0,0.0,0.0
0.0,0.0,0.0,0.0
0.0,0.0,0.0,0.0
0.0,0.0,0.0,0.0
0.0,0.0,0.0,0.0
0.0,0.0,0.0,0.0
0.0,0.0,0.0,0.0
0.0,0.0,0.0,0.0
0.0,0.0,0.0,0.0
0.0,0.0,0.0,0.0
0.0,0.0,0.0,0.0
0.0,0.0,0.0,0.0
0.0,0.0,0.0,0.0
0.0,0.0,0.0,0.0
0.0,0.0,0.0,0.0
0.0,0.0,0.0,0.0
0.0,0.0,0.0,0.0
0.0,0.0,0.0,0.0
0.0,0.0,0.0,0.0
0.0,0.0,0.0,0.0
0.0,0.0,0.0,0.0
0.0,0.0,0.0,0.0
648.0,232.0,100.0,110.0
657.0,253.0,113.0,98.0
666.0,260.0,73.0,119.0
662.0,284.0,87.0,99.0
0.0,0.0,0.0,0.0
640.0,315.0,128.0,86.0
642.0,294.0,222.0,111.0
632.0,271.0,117.0,131.0
632.0,237.0,68.0,126.0
647.0,228.0,75.0,162.0
660.0,217.0,74.0,136.0
674.0,189.0,77.0,183.0
678.0,191.0,85.0,144.0
664.0,271.0,77.0,148.0
648.0,242.0,78.0,232.0
647.0,241.0,79.0,233.0
632.0,244.0,82.0,237.0
636.0,233.0,87.0,226.0
645.0,214.0,94.0,220.0
657.0,216.0,88.0,179.0
649.0,259.0,106.0,224.0
645.0,204.0,117.0,267.0
641.0,144.0,110.0,257.0
641.0,114.0,127.0,280.0
648.0,95.0,128.0,313.0
640.0,83.0,127.0,299.0
631.0,108.0,130.0,286.0
675.0,158.0,101.0,311.0
675.0,258.0,122.0,273.0
0.0,0.0,0.0,0.0
0.0,0.0,0.0,0.0
0.0,0.0,0.0,0.0
0.0,0.0,0.0,0.0
0.0,0.0,0.0,0.0
0.0,0.0,0.0,0.0
0.0,0.0,0.0,0.0
0.0,0.0,0.0,0.0
0.0,0.0,0.0,0.0
0.0,0.0,0.0,0.0
0.0,0.0,0.0,0.0
0.0,0.0,0.0,0.0
0.0,0.0,0.0,0.0
692.0,166.0,89.0,189.0
682.0,184.0,102.0,204.0
672.0,206.0,87.0,227.0
656.0,218.0,90.0,241.0
633.0,245.0,101.0,267.0
606.0,268.0,113.0,269.0
575.0,295.0,127.0,242.0
543.0,319.0,155.0,218.0
480.0,323.0,199.0,214.0
0.0,0.0,0.0,0.0
0.0,0.0,0.0,0.0
0.0,0.0,0.0,0.0
0.0,0.0,0.0,0.0
0.0,0.0,0.0,0.0
0.0,0.0,0.0,0.0
0.0,0.0,0.0,0.0
0.0,0.0,0.0,0.0
0.0,0.0,0.0,0.0
0.0,0.0,0.0,0.0
0.0,0.0,0.0,0.0
0.0,0.0,0.0,0.0
0.0,0.0,0.0,0.0
0.0,0.0,0.0,0.0
0.0,0.0,0.0,0.0
0.0,0.0,0.0,0.0
0.0,0.0,0.0,0.0
0.0,0.0,0.0,0.0
0.0,0.0,0.0,0.0
0.0,0.0,0.0,0.0
0.0,0.0,0.0,0.0
0.0,0.0,0.0,0.0
0.0,0.0,0.0,0.0
0.0,0.0,0.0,0.0
0.0,0.0,0.0,0.0
0.0,0.0,0.0,0.0
0.0,0.0,0.0,0.0
0.0,0.0,0.0,0.0
0.0,0.0,0.0,0.0
0.0,0.0,0.0,0.0
0.0,0.0,0.0,0.0
0.0,0.0,0.0,0.0
0.0,0.0,0.0,0.0
0.0,0.0,0.0,0.0
0.0,0.0,0.0,0.0
0.0,0.0,0.0,0.0
0.0,0.0,0.0,0.0
0.0,0.0,0.0,0.0
0.0,0.0,0.0,0.0
0.0,0.0,0.0,0.0
0.0,0.0,0.0,0.0
0.0,0.0,0.0,0.0
0.0,0.0,0.0,0.0
0.0,0.0,0.0,0.0
0.0,0.0,0.0,0.0
0.0,0.0,0.0,0.0
0.0,0.0,0.0,0.0
0.0,0.0,0.0,0.0
0.0,0.0,0.0,0.0
0.0,0.0,0.0,0.0
0.0,0.0,0.0,0.0
0.0,0.0,0.0,0.0
0.0,0.0,0.0,0.0
0.0,0.0,0.0,0.0
0.0,0.0,0.0,0.0
730.0,314.0,37.0,102.0
731.0,313.0,42.0,100.0
730.0,310.0,49.0,112.0
729.0,303.0,51.0,114.0
732.0,295.0,48.0,124.0
723.0,289.0,56.0,135.0
725.0,278.0,45.0,133.0
711.0,271.0,59.0,165.0
709.0,266.0,59.0,159.0
692.0,251.0,73.0,186.0
685.0,244.0,70.0,199.0
664.0,239.0,74.0,208.0
628.0,230.0,106.0,231.0
584.0,230.0,126.0,216.0
547.0,228.0,143.0,268.0
487.0,208.0,173.0,285.0
397.0,157.0,200.0,377.0
252.0,98.0,299.0,437.0
80.0,3.0,450.0,534.0
0.0,4.0,436.0,532.0
0.0,327.0,254.0,210.0
0.0,0.0,0.0,0.0
0.0,0.0,0.0,0.0
0.0,0.0,0.0,0.0
0.0,0.0,0.0,0.0
0.0,0.0,0.0,0.0
0.0,0.0,0.0,0.0
0.0,0.0,0.0,0.0
0.0,0.0,0.0,0.0
0.0,0.0,0.0,0.0
0.0,0.0,0.0,0.0
0.0,0.0,0.0,0.0
0.0,0.0,0.0,0.0
0.0,0.0,0.0,0.0
0.0,0.0,0.0,0.0
0.0,0.0,0.0,0.0
0.0,0.0,0.0,0.0
0.0,0.0,0.0,0.0
0.0,0.0,0.0,0.0
0.0,0.0,0.0,0.0
0.0,0.0,0.0,0.0
0.0,0.0,0.0,0.0
834.0,385.0,51.0,62.0
848.0,352.0,43.0,84.0
854.0,353.0,47.0,91.0
873.0,356.0,36.0,80.0
874.0,361.0,48.0,76.0
886.0,363.0,41.0,73.0
881.0,364.0,40.0,72.0
864.0,371.0,38.0,72.0
841.0,382.0,35.0,60.0
811.0,385.0,38.0,63.0
783.0,388.0,26.0,65.0
750.0,401.0,33.0,66.0
723.0,404.0,33.0,60.0
699.0,416.0,31.0,53.0
677.0,422.0,29.0,51.0
664.0,422.0,30.0,47.0
654.0,423.0,32.0,50.0
652.0,420.0,26.0,47.0
646.0,416.0,29.0,50.0
643.0,420.0,27.0,42.0
641.0,423.0,25.0,38.0
0.0,0.0,0.0,0.0
636.0,400.0,22.0,29.0
631.0,395.0,27.0,37.0
627.0,388.0,31.0,40.0
0.0,0.0,0.0,0.0
890.0,352.0,58.0,37.0
858.0,355.0,37.0,38.0
821.0,352.0,37.0,35.0
782.0,353.0,43.0,42.0
735.0,347.0,46.0,46.0
705.0,348.0,43.0,42.0
705.0,348.0,41.0,41.0
586.0,348.0,72.0,40.0
576.0,350.0,36.0,39.0
531.0,352.0,37.0,36.0
483.0,353.0,35.0,32.0
439.0,355.0,41.0,32.0
392.0,355.0,49.0,41.0
347.0,356.0,39.0,43.0
288.0,355.0,53.0,42.0
250.0,358.0,53.0,45.0
207.0,359.0,42.0,45.0
0.0,0.0,0.0,0.0
122.0,362.0,37.0,43.0
74.0,361.0,39.0,43.0
31.0,362.0,37.0,45.0
0.0,362.0,22.0,26.0
0.0,0.0,0.0,0.0
0.0,0.0,0.0,0.0
0.0,0.0,0.0,0.0
0.0,0.0,0.0,0.0
0.0,0.0,0.0,0.0
0.0,0.0,0.0,0.0
0.0,0.0,0.0,0.0
0.0,0.0,0.0,0.0
0.0,0.0,0.0,0.0
0.0,0.0,0.0,0.0
0.0,0.0,0.0,0.0
0.0,0.0,0.0,0.0
0.0,0.0,0.0,0.0
0.0,0.0,0.0,0.0
0.0,0.0,0.0,0.0
0.0,0.0,0.0,0.0
0.0,0.0,0.0,0.0
0.0,0.0,0.0,0.0
0.0,0.0,0.0,0.0
0.0,0.0,0.0,0.0
0.0,0.0,0.0,0.0
0.0,0.0,0.0,0.0
0.0,0.0,0.0,0.0
0.0,0.0,0.0,0.0
0.0,0.0,0.0,0.0
0.0,0.0,0.0,0.0
0.0,0.0,0.0,0.0
0.0,0.0,0.0,0.0
467.0,226.0,106.0,215.0
479.0,231.0,102.0,211.0
496.0,233.0,117.0,210.0
496.0,233.0,117.0,209.0
511.0,233.0,128.0,212.0
565.0,216.0,123.0,229.0
576.0,205.0,131.0,232.0
617.0,195.0,103.0,233.0
630.0,189.0,108.0,246.0
634.0,187.0,127.0,224.0
642.0,184.0,123.0,263.0
680.0,187.0,99.0,231.0
672.0,195.0,114.0,277.0
662.0,196.0,137.0,251.0
690.0,197.0,97.0,287.0
690.0,197.0,135.0,290.0
695.0,192.0,139.0,264.0
700.0,189.0,145.0,305.0
704.0,188.0,149.0,278.0
710.0,184.0,169.0,298.0
720.0,180.0,154.0,304.0
717.0,178.0,155.0,298.0
705.0,170.0,174.0,315.0
675.0,170.0,199.0,291.0
632.0,163.0,227.0,343.0
611.0,148.0,212.0,323.0
579.0,132.0,245.0,325.0
579.0,132.0,245.0,333.0
550.0,119.0,254.0,385.0
525.0,99.0,243.0,413.0
487.0,86.0,241.0,392.0
451.0,74.0,242.0,445.0
408.0,61.0,241.0,467.0
372.0,53.0,272.0,483.0
355.0,30.0,248.0,502.0
328.0,18.0,273.0,516.0
287.0,3.0,312.0,528.0
257.0,2.0,324.0,500.0
0.0,0.0,0.0,0.0
0.0,0.0,0.0,0.0
0.0,0.0,0.0,0.0
0.0,0.0,0.0,0.0
0.0,0.0,0.0,0.0
0.0,0.0,0.0,0.0
0.0,0.0,0.0,0.0
0.0,0.0,0.0,0.0
0.0,0.0,0.0,0.0
0.0,0.0,0.0,0.0
0.0,0.0,0.0,0.0
0.0,0.0,0.0,0.0
0.0,0.0,0.0,0.0
0.0,0.0,0.0,0.0
0.0,0.0,0.0,0.0
0.0,0.0,0.0,0.0
0.0,0.0,0.0,0.0
0.0,0.0,0.0,0.0
0.0,0.0,0.0,0.0
0.0,0.0,0.0,0.0
0.0,0.0,0.0,0.0
567.0,76.0,306.0,459.0
582.0,94.0,303.0,442.0
589.0,91.0,293.0,444.0
597.0,95.0,261.0,442.0
594.0,94.0,280.0,441.0
587.0,136.0,291.0,399.0
571.0,133.0,330.0,402.0
586.0,100.0,272.0,437.0
593.0,61.0,263.0,473.0
567.0,32.0,289.0,503.0
561.0,10.0,279.0,524.0
535.0,4.0,295.0,529.0
547.0,3.0,283.0,524.0
546.0,39.0,327.0,488.0
545.0,39.0,328.0,487.0
578.0,91.0,374.0,444.0
626.0,133.0,378.0,402.0
637.0,155.0,376.0,381.0
639.0,137.0,513.0,398.0
685.0,103.0,588.0,432.0
762.0,70.0,518.0,465.0
970.0,298.0,310.0,239.0
0.0,0.0,0.0,0.0
0.0,0.0,0.0,0.0
0.0,0.0,0.0,0.0
329.0,173.0,951.0,362.0
481.0,116.0,566.0,416.0
629.0,242.0,447.0,292.0
772.0,252.0,303.0,285.0
811.0,266.0,259.0,271.0
786.0,233.0,193.0,262.0
771.0,246.0,162.0,257.0
734.0,235.0,185.0,228.0
742.0,245.0,118.0,205.0
705.0,236.0,129.0,179.0
671.0,234.0,135.0,173.0
664.0,233.0,92.0,125.0
664.0,233.0,91.0,125.0
648.0,240.0,122.0,152.0
659.0,236.0,82.0,141.0
642.0,245.0,97.0,139.0
637.0,247.0,75.0,128.0
629.0,260.0,84.0,122.0
644.0,274.0,71.0,117.0
627.0,278.0,93.0,126.0
574.0,154.0,122.0,223.0
587.0,161.0,105.0,211.0
587.0,168.0,113.0,208.0
588.0,161.0,112.0,193.0
586.0,170.0,118.0,219.0
586.0,174.0,121.0,204.0
596.0,175.0,112.0,212.0
600.0,181.0,124.0,189.0
599.0,185.0,127.0,213.0
596.0,187.0,121.0,210.0
595.0,190.0,114.0,206.0
583.0,190.0,122.0,223.0
590.0,188.0,116.0,233.0
588.0,173.0,117.0,257.0
585.0,177.0,117.0,243.0
579.0,175.0,139.0,247.0
579.0,175.0,139.0,248.0
573.0,171.0,142.0,274.0
567.0,165.0,165.0,295.0
559.0,157.0,152.0,315.0
544.0,153.0,173.0,340.0
534.0,104.0,202.0,427.0
513.0,56.0,248.0,479.0
469.0,0.0,352.0,535.0
485.0,0.0,309.0,537.0
465.0,0.0,333.0,535.0
458.0,0.0,329.0,535.0
509.0,0.0,292.0,102.0
627.0,128.0,73.0,234.0
613.0,198.0,89.0,189.0
653.0,213.0,54.0,141.0
667.0,205.0,48.0,151.0
660.0,136.0,53.0,171.0
663.0,92.0,69.0,152.0
681.0,0.0,43.0,140.0
647.0,0.0,66.0,129.0
0.0,0.0,0.0,0.0
0.0,0.0,0.0,0.0
0.0,0.0,0.0,0.0
0.0,0.0,0.0,0.0
0.0,0.0,0.0,0.0
0.0,0.0,0.0,0.0
0.0,0.0,0.0,0.0
0.0,0.0,0.0,0.0
0.0,0.0,0.0,0.0
412.0,252.0,196.0,44.0
571.0,242.0,118.0,57.0
568.0,226.0,240.0,83.0
431.0,190.0,511.0,139.0
591.0,94.0,689.0,287.0
542.0,0.0,738.0,486.0
0.0,0.0,0.0,0.0
0.0,0.0,0.0,0.0
0.0,0.0,0.0,0.0
0.0,0.0,0.0,0.0
0.0,0.0,0.0,0.0
0.0,0.0,0.0,0.0
0.0,0.0,0.0,0.0
0.0,0.0,0.0,0.0
0.0,0.0,0.0,0.0
0.0,0.0,0.0,0.0
0.0,0.0,0.0,0.0
0.0,0.0,0.0,0.0
0.0,0.0,0.0,0.0
0.0,0.0,0.0,0.0
0.0,0.0,0.0,0.0
0.0,0.0,0.0,0.0
0.0,0.0,0.0,0.0
0.0,0.0,0.0,0.0
0.0,0.0,0.0,0.0
0.0,0.0,0.0,0.0
0.0,0.0,0.0,0.0
0.0,0.0,0.0,0.0
0.0,0.0,0.0,0.0
0.0,0.0,0.0,0.0
0.0,0.0,0.0,0.0
0.0,0.0,0.0,0.0
0.0,0.0,0.0,0.0
0.0,0.0,0.0,0.0
0.0,0.0,0.0,0.0
0.0,0.0,0.0,0.0
0.0,0.0,0.0,0.0
0.0,0.0,0.0,0.0
0.0,0.0,0.0,0.0
0.0,0.0,0.0,0.0
0.0,0.0,0.0,0.0
0.0,0.0,0.0,0.0
0.0,0.0,0.0,0.0
0.0,0.0,0.0,0.0
0.0,0.0,0.0,0.0
240.0,228.0,158.0,78.0
233.0,226.0,153.0,77.0
230.0,216.0,151.0,86.0
292.0,231.0,191.0,87.0
271.0,204.0,233.0,121.0
250.0,189.0,244.0,146.0
235.0,194.0,284.0,148.0
239.0,204.0,334.0,132.0
256.0,177.0,362.0,168.0
278.0,150.0,375.0,202.0
306.0,127.0,357.0,270.0
345.0,101.0,321.0,312.0
365.0,70.0,276.0,274.0
380.0,51.0,358.0,284.0
314.0,50.0,456.0,298.0
252.0,50.0,547.0,400.0
193.0,57.0,619.0,363.0
159.0,97.0,652.0,301.0
158.0,118.0,673.0,292.0
150.0,128.0,754.0,299.0
150.0,128.0,755.0,299.0
436.0,104.0,532.0,328.0
429.0,49.0,535.0,417.0
440.0,83.0,575.0,411.0
501.0,81.0,554.0,422.0
584.0,75.0,496.0,425.0
675.0,92.0,424.0,402.0
754.0,129.0,355.0,318.0
767.0,128.0,351.0,320.0
797.0,99.0,344.0,346.0
812.0,81.0,326.0,359.0
797.0,82.0,306.0,343.0
818.0,92.0,234.0,304.0
867.0,107.0,179.0,279.0
887.0,108.0,172.0,306.0
856.0,108.0,216.0,327.0
866.0,111.0,240.0,297.0
885.0,115.0,269.0,272.0
903.0,120.0,282.0,257.0
926.0,128.0,272.0,253.0
940.0,137.0,267.0,239.0
954.0,149.0,257.0,206.0
967.0,161.0,243.0,169.0
967.0,161.0,243.0,169.0
981.0,170.0,224.0,147.0
992.0,180.0,196.0,134.0
1002.0,183.0,157.0,135.0
1010.0,185.0,126.0,125.0
1014.0,189.0,117.0,115.0
1019.0,191.0,111.0,113.0
1026.0,193.0,118.0,114.0
1034.0,200.0,129.0,69.0
1046.0,204.0,118.0,87.0
1046.0,212.0,117.0,95.0
1054.0,216.0,107.0,85.0
1056.0,227.0,97.0,65.0
0.0,0.0,0.0,0.0
0.0,0.0,0.0,0.0
0.0,0.0,0.0,0.0
0.0,0.0,0.0,0.0
0.0,0.0,0.0,0.0
0.0,0.0,0.0,0.0
0.0,0.0,0.0,0.0
0.0,0.0,0.0,0.0
0.0,0.0,0.0,0.0
0.0,0.0,0.0,0.0
0.0,0.0,0.0,0.0
0.0,0.0,0.0,0.0
0.0,0.0,0.0,0.0
0.0,0.0,0.0,0.0
0.0,0.0,0.0,0.0
0.0,0.0,0.0,0.0
0.0,0.0,0.0,0.0
0.0,0.0,0.0,0.0
0.0,0.0,0.0,0.0
0.0,0.0,0.0,0.0
0.0,0.0,0.0,0.0
0.0,0.0,0.0,0.0
0.0,0.0,0.0,0.0
0.0,0.0,0.0,0.0
0.0,0.0,0.0,0.0
0.0,0.0,0.0,0.0
0.0,0.0,0.0,0.0
746.0,208.0,277.0,266.0
566.0,237.0,367.0,297.0
0.0,0.0,0.0,0.0
0.0,0.0,0.0,0.0
0.0,0.0,0.0,0.0
0.0,0.0,0.0,0.0
0.0,0.0,0.0,0.0
0.0,0.0,0.0,0.0
0.0,0.0,0.0,0.0
0.0,0.0,0.0,0.0
0.0,0.0,0.0,0.0
0.0,0.0,0.0,0.0
0.0,0.0,0.0,0.0
0.0,0.0,0.0,0.0
0.0,0.0,0.0,0.0
0.0,0.0,0.0,0.0
0.0,0.0,0.0,0.0
0.0,0.0,0.0,0.0
0.0,0.0,0.0,0.0
0.0,0.0,0.0,0.0
0.0,0.0,0.0,0.0
0.0,0.0,0.0,0.0
0.0,0.0,0.0,0.0
0.0,0.0,0.0,0.0
0.0,0.0,0.0,0.0
0.0,0.0,0.0,0.0
0.0,0.0,0.0,0.0
0.0,0.0,0.0,0.0
0.0,0.0,0.0,0.0
551.0,20.0,427.0,515.0
0.0,0.0,0.0,0.0
0.0,0.0,0.0,0.0
0.0,0.0,0.0,0.0
0.0,0.0,0.0,0.0
0.0,0.0,0.0,0.0
0.0,0.0,0.0,0.0
0.0,0.0,0.0,0.0
0.0,0.0,0.0,0.0
0.0,0.0,0.0,0.0
0.0,0.0,0.0,0.0
0.0,0.0,0.0,0.0
0.0,0.0,0.0,0.0
0.0,0.0,0.0,0.0
0.0,0.0,0.0,0.0
0.0,0.0,0.0,0.0
0.0,0.0,0.0,0.0
0.0,0.0,0.0,0.0
0.0,0.0,0.0,0.0
0.0,0.0,0.0,0.0
0.0,0.0,0.0,0.0
0.0,0.0,0.0,0.0
0.0,0.0,0.0,0.0
0.0,0.0,0.0,0.0
0.0,0.0,0.0,0.0
0.0,0.0,0.0,0.0
0.0,0.0,0.0,0.0
0.0,0.0,0.0,0.0
0.0,0.0,0.0,0.0
0.0,0.0,0.0,0.0
0.0,0.0,0.0,0.0
0.0,0.0,0.0,0.0
0.0,0.0,0.0,0.0
0.0,0.0,0.0,0.0
641.0,388.0,317.0,148.0
0.0,0.0,0.0,0.0
284.0,265.0,515.0,160.0
266.0,156.0,622.0,286.0
274.0,198.0,655.0,271.0
290.0,282.0,663.0,208.0
301.0,303.0,660.0,206.0
301.0,320.0,669.0,202.0
302.0,319.0,671.0,215.0
302.0,310.0,668.0,225.0
297.0,317.0,651.0,218.0
380.0,311.0,489.0,224.0
506.0,376.0,518.0,158.0
662.0,342.0,456.0,192.0
660.0,342.0,457.0,192.0
633.0,342.0,497.0,193.0
611.0,350.0,457.0,185.0
616.0,353.0,434.0,184.0
641.0,356.0,405.0,181.0
592.0,356.0,450.0,179.0
616.0,350.0,453.0,186.0
656.0,299.0,448.0,236.0
542.0,407.0,411.0,130.0
264.0,370.0,418.0,164.0
281.0,321.0,547.0,178.0
92.0,271.0,788.0,206.0
104.0,269.0,786.0,215.0
123.0,268.0,782.0,235.0
142.0,281.0,770.0,254.0
172.0,299.0,756.0,236.0
224.0,319.0,674.0,216.0
354.0,338.0,604.0,197.0
524.0,324.0,457.0,213.0
627.0,295.0,368.0,240.0
683.0,261.0,325.0,276.0
687.0,230.0,332.0,307.0
673.0,212.0,350.0,325.0
673.0,212.0,350.0,325.0
692.0,223.0,326.0,314.0
712.0,239.0,313.0,298.0
723.0,250.0,310.0,287.0
690.0,283.0,369.0,254.0
654.0,303.0,465.0,233.0
577.0,344.0,694.0,191.0
620.0,373.0,623.0,163.0
549.0,341.0,620.0,195.0
828.0,11.0,445.0,433.0
516.0,214.0,345.0,185.0
361.0,244.0,919.0,293.0
491.0,310.0,587.0,227.0
673.0,315.0,340.0,222.0
737.0,319.0,273.0,218.0
756.0,302.0,273.0,235.0
759.0,293.0,334.0,244.0
760.0,289.0,360.0,248.0
763.0,296.0,385.0,241.0
771.0,304.0,387.0,233.0
656.0,317.0,378.0,220.0
652.0,290.0,378.0,246.0
652.0,317.0,377.0,218.0
652.0,316.0,377.0,220.0
652.0,316.0,377.0,220.0
650.0,318.0,375.0,218.0
658.0,318.0,352.0,217.0
674.0,340.0,331.0,195.0
681.0,338.0,349.0,197.0
695.0,332.0,320.0,203.0
702.0,337.0,297.0,199.0
702.0,341.0,301.0,196.0
709.0,347.0,297.0,190.0
711.0,341.0,297.0,195.0
711.0,340.0,295.0,196.0
711.0,339.0,295.0,196.0
715.0,337.0,290.0,200.0
699.0,326.0,314.0,209.0
673.0,321.0,322.0,214.0
655.0,327.0,312.0,208.0
647.0,337.0,310.0,198.0
645.0,345.0,313.0,190.0
642.0,352.0,315.0,183.0
639.0,353.0,316.0,182.0
639.0,350.0,311.0,185.0
686.0,348.0,323.0,187.0
727.0,454.0,192.0,83.0
727.0,454.0,181.0,82.0
766.0,423.0,172.0,113.0
753.0,417.0,187.0,120.0
744.0,422.0,215.0,115.0
745.0,424.0,208.0,113.0
751.0,425.0,180.0,112.0
775.0,440.0,136.0,97.0
690.0,429.0,373.0,106.0
579.0,365.0,280.0,170.0
555.0,365.0,252.0,170.0
563.0,358.0,268.0,177.0
566.0,344.0,282.0,191.0
568.0,337.0,281.0,198.0
568.0,352.0,281.0,183.0
568.0,353.0,281.0,184.0
571.0,368.0,278.0,168.0
550.0,333.0,305.0,204.0
524.0,330.0,321.0,206.0
566.0,447.0,162.0,90.0
0.0,0.0,0.0,0.0
0.0,0.0,0.0,0.0
0.0,0.0,0.0,0.0
676.0,459.0,283.0,76.0
676.0,430.0,294.0,107.0
687.0,431.0,283.0,106.0
692.0,403.0,284.0,132.0
687.0,390.0,280.0,147.0
681.0,380.0,281.0,157.0
696.0,401.0,292.0,135.0
702.0,316.0,69.0,115.0
667.0,274.0,212.0,161.0
607.0,286.0,284.0,181.0
418.0,302.0,541.0,194.0
0.0,0.0,0.0,0.0
657.0,243.0,286.0,237.0
407.0,244.0,512.0,264.0
416.0,301.0,508.0,234.0
559.0,353.0,281.0,184.0
725.0,348.0,292.0,189.0
757.0,308.0,275.0,229.0
605.0,232.0,317.0,229.0
453.0,218.0,465.0,256.0
432.0,248.0,490.0,272.0
472.0,269.0,430.0,268.0
563.0,298.0,343.0,239.0
651.0,313.0,287.0,224.0
682.0,305.0,258.0,232.0
682.0,305.0,258.0,232.0
691.0,300.0,253.0,237.0
698.0,298.0,258.0,239.0
693.0,307.0,267.0,230.0
701.0,312.0,278.0,225.0
607.0,183.0,458.0,354.0
577.0,307.0,447.0,228.0
635.0,377.0,482.0,160.0
711.0,397.0,168.0,138.0
712.0,408.0,344.0,129.0
716.0,396.0,371.0,141.0
727.0,405.0,231.0,132.0
616.0,406.0,292.0,118.0
464.0,329.0,312.0,100.0
436.0,353.0,280.0,120.0
435.0,357.0,309.0,138.0
447.0,354.0,307.0,155.0
456.0,354.0,293.0,167.0
457.0,360.0,293.0,169.0
455.0,369.0,298.0,164.0
420.0,344.0,325.0,193.0
481.0,512.0,62.0,24.0
573.0,500.0,414.0,37.0
0.0,0.0,0.0,0.0
0.0,0.0,0.0,0.0
0.0,0.0,0.0,0.0
0.0,402.0,598.0,135.0
0.0,380.0,640.0,157.0
0.0,369.0,638.0,167.0
0.0,360.0,638.0,177.0
0.0,357.0,603.0,179.0
0.0,361.0,448.0,176.0
0.0,305.0,430.0,230.0
0.0,0.0,0.0,0.0
0.0,0.0,0.0,0.0
0.0,0.0,0.0,0.0
0.0,0.0,0.0,0.0
0.0,0.0,0.0,0.0
0.0,0.0,0.0,0.0
0.0,0.0,0.0,0.0
0.0,0.0,0.0,0.0
0.0,0.0,0.0,0.0
0.0,0.0,0.0,0.0
0.0,0.0,0.0,0.0
0.0,0.0,0.0,0.0
0.0,0.0,0.0,0.0
0.0,0.0,0.0,0.0
0.0,0.0,0.0,0.0
0.0,0.0,0.0,0.0
0.0,0.0,0.0,0.0
0.0,0.0,0.0,0.0
0.0,0.0,0.0,0.0
0.0,0.0,0.0,0.0
0.0,0.0,0.0,0.0
0.0,0.0,0.0,0.0
0.0,0.0,0.0,0.0
0.0,0.0,0.0,0.0
0.0,0.0,0.0,0.0
0.0,0.0,0.0,0.0
0.0,0.0,0.0,0.0
0.0,0.0,0.0,0.0
0.0,0.0,0.0,0.0
0.0,0.0,0.0,0.0
0.0,0.0,0.0,0.0
0.0,0.0,0.0,0.0
0.0,0.0,0.0,0.0
0.0,0.0,0.0,0.0
871.0,223.0,398.0,312.0
856.0,139.0,424.0,398.0
830.0,68.0,425.0,467.0
0.0,0.0,0.0,0.0
0.0,0.0,0.0,0.0
762.0,332.0,502.0,203.0
591.0,127.0,614.0,410.0
602.0,8.0,456.0,527.0
487.0,2.0,585.0,534.0
565.0,2.0,506.0,535.0
621.0,195.0,591.0,340.0
557.0,0.0,668.0,536.0
526.0,0.0,720.0,535.0
534.0,0.0,525.0,535.0
541.0,0.0,679.0,536.0
518.0,0.0,704.0,536.0
494.0,0.0,734.0,535.0
521.0,0.0,519.0,537.0
502.0,0.0,751.0,537.0
501.0,0.0,727.0,535.0
504.0,0.0,503.0,537.0
462.0,0.0,689.0,535.0
501.0,0.0,662.0,535.0
450.0,0.0,726.0,535.0
462.0,0.0,529.0,535.0
463.0,0.0,688.0,535.0
496.0,0.0,673.0,536.0
487.0,0.0,682.0,536.0
451.0,0.0,738.0,535.0
479.0,0.0,511.0,537.0
440.0,0.0,730.0,535.0
452.0,0.0,724.0,535.0
449.0,0.0,706.0,535.0
429.0,14.0,425.0,522.0
425.0,47.0,505.0,490.0
533.0,3.0,530.0,532.0
589.0,0.0,594.0,535.0
608.0,0.0,613.0,535.0
629.0,0.0,527.0,535.0
416.0,0.0,798.0,535.0
521.0,0.0,759.0,535.0
482.0,0.0,798.0,535.0
662.0,0.0,618.0,536.0
702.0,0.0,578.0,537.0
706.0,0.0,574.0,536.0
706.0,0.0,574.0,537.0
710.0,0.0,548.0,537.0
714.0,0.0,495.0,535.0
702.0,0.0,479.0,537.0
617.0,0.0,561.0,535.0
596.0,0.0,620.0,535.0
596.0,0.0,620.0,535.0
613.0,0.0,628.0,535.0
654.0,0.0,585.0,535.0
671.0,0.0,551.0,535.0
674.0,2.0,464.0,535.0
675.0,0.0,464.0,535.0
674.0,0.0,466.0,535.0
674.0,0.0,468.0,535.0
672.0,0.0,471.0,536.0
673.0,0.0,471.0,537.0
673.0,0.0,471.0,537.0
674.0,0.0,469.0,537.0
674.0,0.0,467.0,537.0
674.0,0.0,466.0,536.0
674.0,0.0,464.0,537.0
672.0,0.0,463.0,537.0
671.0,0.0,458.0,535.0
669.0,0.0,458.0,535.0
667.0,0.0,460.0,536.0
667.0,0.0,459.0,535.0
670.0,0.0,456.0,535.0
670.0,0.0,457.0,536.0
669.0,0.0,459.0,535.0
670.0,0.0,458.0,535.0
669.0,0.0,460.0,535.0
669.0,0.0,460.0,537.0
670.0,0.0,459.0,537.0
671.0,0.0,464.0,537.0
669.0,0.0,470.0,537.0
668.0,0.0,468.0,537.0
669.0,0.0,470.0,536.0
673.0,0.0,469.0,535.0
681.0,0.0,467.0,537.0
688.0,0.0,467.0,537.0
695.0,0.0,466.0,537.0
699.0,0.0,466.0,537.0
699.0,0.0,468.0,537.0
699.0,0.0,469.0,537.0
700.0,0.0,468.0,537.0
699.0,0.0,468.0,537.0
697.0,0.0,471.0,537.0
697.0,0.0,471.0,537.0
0.0,0.0,0.0,0.0
0.0,0.0,0.0,0.0
0.0,0.0,0.0,0.0
0.0,0.0,0.0,0.0
0.0,0.0,0.0,0.0
0.0,0.0,0.0,0.0
0.0,0.0,0.0,0.0
0.0,0.0,0.0,0.0
0.0,0.0,0.0,0.0
0.0,0.0,0.0,0.0
0.0,0.0,0.0,0.0
0.0,0.0,0.0,0.0
0.0,0.0,0.0,0.0
0.0,0.0,0.0,0.0
0.0,0.0,0.0,0.0
935.0,88.0,304.0,306.0
1011.0,70.0,227.0,244.0
1027.0,46.0,202.0,211.0
1021.0,34.0,190.0,181.0
1015.0,22.0,197.0,165.0
1018.0,21.0,189.0,152.0
1017.0,24.0,167.0,142.0
1007.0,53.0,108.0,117.0
1002.0,73.0,94.0,109.0
994.0,101.0,86.0,100.0
984.0,132.0,78.0,97.0
972.0,172.0,79.0,91.0
972.0,172.0,79.0,91.0
959.0,216.0,70.0,86.0
941.0,262.0,67.0,83.0
922.0,315.0,66.0,76.0
905.0,370.0,58.0,47.0
0.0,0.0,0.0,0.0
0.0,0.0,0.0,0.0
0.0,0.0,0.0,0.0
0.0,0.0,0.0,0.0
0.0,0.0,0.0,0.0
0.0,0.0,0.0,0.0
0.0,0.0,0.0,0.0
0.0,0.0,0.0,0.0
0.0,0.0,0.0,0.0
0.0,0.0,0.0,0.0
0.0,0.0,0.0,0.0
0.0,0.0,0.0,0.0
0.0,0.0,0.0,0.0
0.0,0.0,0.0,0.0
0.0,0.0,0.0,0.0
0.0,0.0,0.0,0.0
0.0,0.0,0.0,0.0
0.0,0.0,0.0,0.0
0.0,0.0,0.0,0.0
0.0,0.0,0.0,0.0
0.0,0.0,0.0,0.0
0.0,0.0,0.0,0.0
0.0,0.0,0.0,0.0
0.0,0.0,0.0,0.0
0.0,0.0,0.0,0.0
0.0,0.0,0.0,0.0
0.0,0.0,0.0,0.0
0.0,0.0,0.0,0.0
0.0,0.0,0.0,0.0
0.0,0.0,0.0,0.0
0.0,0.0,0.0,0.0
0.0,0.0,0.0,0.0
0.0,0.0,0.0,0.0
0.0,0.0,0.0,0.0
0.0,0.0,0.0,0.0
0.0,0.0,0.0,0.0
0.0,0.0,0.0,0.0
0.0,0.0,0.0,0.0
0.0,0.0,0.0,0.0
0.0,0.0,0.0,0.0
0.0,0.0,0.0,0.0
0.0,0.0,0.0,0.0
0.0,0.0,0.0,0.0
0.0,0.0,0.0,0.0
0.0,0.0,0.0,0.0
0.0,0.0,0.0,0.0
0.0,0.0,0.0,0.0
0.0,0.0,0.0,0.0
0.0,0.0,0.0,0.0
0.0,0.0,0.0,0.0
0.0,0.0,0.0,0.0
0.0,0.0,0.0,0.0
0.0,0.0,0.0,0.0
0.0,0.0,0.0,0.0
0.0,0.0,0.0,0.0
0.0,0.0,0.0,0.0
0.0,0.0,0.0,0.0
0.0,0.0,0.0,0.0
0.0,0.0,0.0,0.0
0.0,0.0,0.0,0.0
0.0,0.0,0.0,0.0
0.0,0.0,0.0,0.0
0.0,0.0,0.0,0.0
0.0,0.0,0.0,0.0
0.0,0.0,0.0,0.0
0.0,0.0,0.0,0.0
0.0,0.0,0.0,0.0
0.0,0.0,0.0,0.0
0.0,0.0,0.0,0.0
0.0,0.0,0.0,0.0
0.0,0.0,0.0,0.0
0.0,0.0,0.0,0.0
0.0,0.0,0.0,0.0
0.0,0.0,0.0,0.0
0.0,0.0,0.0,0.0
0.0,0.0,0.0,0.0
0.0,0.0,0.0,0.0
0.0,0.0,0.0,0.0
0.0,0.0,0.0,0.0
0.0,0.0,0.0,0.0
0.0,0.0,0.0,0.0
0.0,0.0,0.0,0.0
0.0,0.0,0.0,0.0
0.0,0.0,0.0,0.0
0.0,0.0,0.0,0.0
0.0,0.0,0.0,0.0
0.0,0.0,0.0,0.0
0.0,0.0,0.0,0.0
0.0,0.0,0.0,0.0
0.0,0.0,0.0,0.0
0.0,0.0,0.0,0.0
0.0,0.0,0.0,0.0
0.0,0.0,0.0,0.0
0.0,0.0,0.0,0.0
0.0,0.0,0.0,0.0
0.0,0.0,0.0,0.0
0.0,0.0,0.0,0.0
0.0,0.0,0.0,0.0
0.0,0.0,0.0,0.0
0.0,0.0,0.0,0.0
0.0,0.0,0.0,0.0
0.0,0.0,0.0,0.0
0.0,0.0,0.0,0.0
0.0,0.0,0.0,0.0
0.0,0.0,0.0,0.0
0.0,0.0,0.0,0.0
0.0,0.0,0.0,0.0
0.0,0.0,0.0,0.0
0.0,0.0,0.0,0.0
0.0,0.0,0.0,0.0
0.0,0.0,0.0,0.0
0.0,0.0,0.0,0.0
0.0,0.0,0.0,0.0
0.0,0.0,0.0,0.0
0.0,0.0,0.0,0.0
0.0,0.0,0.0,0.0
0.0,0.0,0.0,0.0
0.0,0.0,0.0,0.0
0.0,0.0,0.0,0.0
0.0,0.0,0.0,0.0
0.0,0.0,0.0,0.0
0.0,0.0,0.0,0.0
0.0,0.0,0.0,0.0
0.0,0.0,0.0,0.0
0.0,0.0,0.0,0.0
0.0,0.0,0.0,0.0
0.0,0.0,0.0,0.0
0.0,0.0,0.0,0.0
0.0,0.0,0.0,0.0
513.0,0.0,410.0,246.0
545.0,40.0,290.0,276.0
569.0,108.0,244.0,253.0
579.0,163.0,229.0,224.0
584.0,187.0,241.0,223.0
594.0,233.0,175.0,175.0
600.0,148.0,239.0,255.0
600.0,148.0,240.0,255.0
653.0,243.0,76.0,106.0
655.0,89.0,183.0,252.0
596.0,38.0,186.0,329.0
722.0,139.0,127.0,288.0
682.0,76.0,76.0,407.0
423.0,79.0,366.0,453.0
524.0,42.0,355.0,495.0
449.0,21.0,519.0,462.0
445.0,6.0,493.0,400.0
456.0,0.0,429.0,537.0
506.0,2.0,319.0,534.0
536.0,3.0,253.0,532.0
570.0,4.0,217.0,531.0
547.0,56.0,316.0,295.0
542.0,81.0,292.0,313.0
502.0,143.0,316.0,261.0
471.0,177.0,291.0,248.0
432.0,195.0,316.0,247.0
419.0,244.0,324.0,212.0
421.0,347.0,259.0,131.0
511.0,3.0,307.0,200.0
0.0,0.0,0.0,0.0
552.0,55.0,192.0,184.0
552.0,51.0,192.0,187.0
524.0,18.0,251.0,210.0
551.0,93.0,269.0,171.0
555.0,79.0,194.0,196.0
533.0,63.0,305.0,226.0
531.0,30.0,325.0,353.0
523.0,27.0,311.0,388.0
501.0,26.0,334.0,375.0
737.0,100.0,61.0,118.0
740.0,112.0,50.0,115.0
0.0,0.0,0.0,0.0
508.0,284.0,240.0,172.0
467.0,52.0,312.0,427.0
477.0,55.0,309.0,431.0
477.0,56.0,314.0,435.0
573.0,358.0,90.0,141.0
537.0,323.0,199.0,205.0
573.0,154.0,186.0,374.0
465.0,183.0,299.0,351.0
484.0,17.0,150.0,316.0
449.0,3.0,161.0,297.0
407.0,2.0,212.0,307.0
293.0,0.0,308.0,356.0
292.0,0.0,310.0,357.0
162.0,0.0,388.0,463.0
244.0,35.0,336.0,264.0
319.0,100.0,318.0,224.0
326.0,211.0,372.0,213.0
287.0,298.0,374.0,234.0
378.0,295.0,233.0,240.0
298.0,308.0,395.0,228.0
332.0,293.0,364.0,242.0
338.0,298.0,366.0,238.0
353.0,267.0,395.0,268.0
376.0,201.0,359.0,236.0
408.0,170.0,328.0,216.0
410.0,155.0,322.0,201.0
442.0,142.0,282.0,205.0
465.0,131.0,250.0,182.0
475.0,137.0,238.0,207.0
475.0,145.0,224.0,181.0
500.0,153.0,194.0,169.0
514.0,153.0,134.0,176.0
537.0,140.0,118.0,185.0
539.0,127.0,121.0,192.0
507.0,121.0,183.0,249.0
525.0,114.0,183.0,221.0
490.0,106.0,223.0,293.0
501.0,102.0,229.0,298.0
501.0,102.0,236.0,297.0
479.0,104.0,268.0,344.0
476.0,109.0,266.0,333.0
462.0,118.0,281.0,342.0
445.0,125.0,299.0,368.0
446.0,130.0,296.0,345.0
438.0,131.0,299.0,357.0
430.0,132.0,306.0,366.0
425.0,135.0,308.0,370.0
422.0,140.0,312.0,368.0
418.0,144.0,314.0,368.0
418.0,146.0,313.0,366.0
418.0,148.0,312.0,365.0
420.0,148.0,308.0,359.0
425.0,148.0,301.0,350.0
431.0,147.0,292.0,338.0
438.0,148.0,281.0,325.0
441.0,148.0,274.0,316.0
444.0,148.0,269.0,309.0
445.0,150.0,266.0,301.0
445.0,147.0,261.0,302.0
445.0,147.0,256.0,302.0
443.0,148.0,257.0,301.0
441.0,148.0,254.0,303.0
439.0,147.0,256.0,306.0
436.0,146.0,257.0,311.0
432.0,145.0,259.0,315.0
428.0,144.0,262.0,319.0
427.0,143.0,261.0,321.0
427.0,142.0,260.0,322.0
430.0,139.0,258.0,323.0
434.0,136.0,255.0,322.0
437.0,134.0,253.0,322.0
439.0,133.0,253.0,322.0
441.0,133.0,252.0,323.0
442.0,132.0,254.0,324.0
445.0,132.0,258.0,324.0
554.0,94.0,100.0,146.0
554.0,94.0,101.0,146.0
554.0,94.0,100.0,146.0
553.0,94.0,101.0,146.0
545.0,93.0,111.0,148.0
534.0,91.0,122.0,152.0
530.0,85.0,126.0,158.0
531.0,79.0,125.0,163.0
532.0,75.0,124.0,166.0
532.0,74.0,124.0,167.0
532.0,74.0,124.0,166.0
532.0,74.0,124.0,166.0
532.0,75.0,124.0,166.0
531.0,83.0,125.0,208.0
528.0,92.0,129.0,176.0
522.0,109.0,136.0,214.0
531.0,137.0,124.0,249.0
538.0,150.0,108.0,268.0
543.0,163.0,94.0,264.0
550.0,204.0,104.0,243.0
550.0,229.0,112.0,232.0
551.0,259.0,115.0,212.0
556.0,247.0,110.0,216.0
553.0,204.0,103.0,258.0
539.0,180.0,115.0,279.0
536.0,175.0,118.0,285.0
536.0,175.0,123.0,286.0
536.0,176.0,125.0,286.0
537.0,176.0,125.0,286.0
538.0,176.0,124.0,287.0
539.0,176.0,131.0,287.0
540.0,176.0,123.0,287.0
548.0,181.0,112.0,282.0
559.0,188.0,114.0,275.0
559.0,195.0,125.0,268.0
559.0,200.0,131.0,263.0
560.0,202.0,132.0,261.0
560.0,203.0,133.0,260.0
560.0,203.0,133.0,260.0
559.0,203.0,134.0,261.0
559.0,203.0,134.0,260.0
567.0,201.0,123.0,263.0
568.0,199.0,118.0,265.0
568.0,199.0,118.0,265.0
568.0,200.0,117.0,263.0
568.0,199.0,116.0,264.0
568.0,199.0,116.0,264.0
569.0,199.0,114.0,264.0
569.0,198.0,114.0,265.0
569.0,198.0,112.0,264.0
569.0,197.0,111.0,265.0
569.0,196.0,109.0,266.0
568.0,200.0,103.0,261.0
568.0,209.0,106.0,252.0
568.0,214.0,109.0,248.0
568.0,214.0,109.0,247.0
568.0,217.0,112.0,244.0
568.0,217.0,114.0,246.0
568.0,218.0,115.0,246.0
568.0,218.0,116.0,246.0
568.0,218.0,117.0,246.0
568.0,218.0,117.0,246.0
568.0,218.0,117.0,246.0
567.0,218.0,118.0,247.0
567.0,218.0,118.0,247.0
567.0,218.0,118.0,247.0
567.0,218.0,116.0,247.0
568.0,220.0,115.0,245.0
569.0,225.0,113.0,239.0
570.0,227.0,117.0,237.0
570.0,228.0,126.0,236.0
570.0,229.0,132.0,235.0
569.0,228.0,139.0,237.0
569.0,228.0,142.0,237.0
569.0,231.0,138.0,234.0
569.0,235.0,132.0,230.0
568.0,239.0,117.0,227.0
541.0,213.0,109.0,253.0
528.0,202.0,95.0,225.0
528.0,202.0,95.0,245.0
534.0,134.0,96.0,290.0
530.0,96.0,80.0,248.0
515.0,72.0,91.0,277.0
516.0,61.0,92.0,279.0
504.0,68.0,91.0,267.0
498.0,84.0,110.0,249.0
486.0,103.0,123.0,221.0
486.0,121.0,121.0,205.0
490.0,138.0,113.0,216.0
494.0,171.0,97.0,251.0
499.0,199.0,117.0,237.0
0.0,0.0,0.0,0.0
0.0,0.0,0.0,0.0
0.0,0.0,0.0,0.0
0.0,0.0,0.0,0.0
0.0,0.0,0.0,0.0
0.0,0.0,0.0,0.0
0.0,0.0,0.0,0.0
0.0,0.0,0.0,0.0
0.0,0.0,0.0,0.0
0.0,0.0,0.0,0.0
0.0,0.0,0.0,0.0
0.0,0.0,0.0,0.0
0.0,0.0,0.0,0.0
0.0,0.0,0.0,0.0
0.0,0.0,0.0,0.0
0.0,0.0,0.0,0.0
0.0,0.0,0.0,0.0
0.0,0.0,0.0,0.0
0.0,0.0,0.0,0.0
0.0,0.0,0.0,0.0
0.0,0.0,0.0,0.0
0.0,0.0,0.0,0.0
0.0,0.0,0.0,0.0
0.0,0.0,0.0,0.0
0.0,0.0,0.0,0.0
0.0,0.0,0.0,0.0
0.0,0.0,0.0,0.0
0.0,0.0,0.0,0.0
0.0,0.0,0.0,0.0
0.0,0.0,0.0,0.0
0.0,0.0,0.0,0.0
0.0,0.0,0.0,0.0
0.0,0.0,0.0,0.0
0.0,0.0,0.0,0.0
0.0,0.0,0.0,0.0
0.0,0.0,0.0,0.0
0.0,0.0,0.0,0.0
0.0,0.0,0.0,0.0
0.0,0.0,0.0,0.0
0.0,0.0,0.0,0.0
0.0,0.0,0.0,0.0
0.0,0.0,0.0,0.0
0.0,0.0,0.0,0.0
0.0,0.0,0.0,0.0
0.0,0.0,0.0,0.0
0.0,0.0,0.0,0.0
0.0,0.0,0.0,0.0
0.0,0.0,0.0,0.0
0.0,0.0,0.0,0.0
0.0,0.0,0.0,0.0
0.0,0.0,0.0,0.0
0.0,0.0,0.0,0.0
0.0,0.0,0.0,0.0
0.0,0.0,0.0,0.0
0.0,0.0,0.0,0.0
0.0,0.0,0.0,0.0
0.0,0.0,0.0,0.0
0.0,0.0,0.0,0.0
0.0,0.0,0.0,0.0
0.0,0.0,0.0,0.0
0.0,0.0,0.0,0.0
0.0,0.0,0.0,0.0
0.0,0.0,0.0,0.0
0.0,0.0,0.0,0.0
0.0,0.0,0.0,0.0
0.0,0.0,0.0,0.0
0.0,0.0,0.0,0.0
0.0,0.0,0.0,0.0
0.0,0.0,0.0,0.0
0.0,0.0,0.0,0.0
0.0,0.0,0.0,0.0
0.0,0.0,0.0,0.0
0.0,0.0,0.0,0.0
0.0,0.0,0.0,0.0
0.0,0.0,0.0,0.0
0.0,0.0,0.0,0.0
0.0,0.0,0.0,0.0
0.0,0.0,0.0,0.0
0.0,0.0,0.0,0.0
0.0,0.0,0.0,0.0
0.0,0.0,0.0,0.0
0.0,0.0,0.0,0.0
0.0,0.0,0.0,0.0
0.0,0.0,0.0,0.0
0.0,0.0,0.0,0.0
0.0,0.0,0.0,0.0
0.0,0.0,0.0,0.0
0.0,0.0,0.0,0.0
0.0,0.0,0.0,0.0
0.0,0.0,0.0,0.0
0.0,0.0,0.0,0.0
0.0,0.0,0.0,0.0
0.0,0.0,0.0,0.0
0.0,0.0,0.0,0.0
0.0,0.0,0.0,0.0
0.0,0.0,0.0,0.0
0.0,0.0,0.0,0.0
0.0,0.0,0.0,0.0
0.0,0.0,0.0,0.0
0.0,0.0,0.0,0.0
0.0,0.0,0.0,0.0
0.0,0.0,0.0,0.0
0.0,0.0,0.0,0.0
0.0,0.0,0.0,0.0
0.0,0.0,0.0,0.0
0.0,0.0,0.0,0.0
0.0,0.0,0.0,0.0
0.0,0.0,0.0,0.0
0.0,0.0,0.0,0.0
0.0,0.0,0.0,0.0
0.0,0.0,0.0,0.0
0.0,0.0,0.0,0.0
0.0,0.0,0.0,0.0
0.0,0.0,0.0,0.0
777.0,360.0,75.0,116.0
705.0,343.0,64.0,134.0
595.0,311.0,81.0,175.0
374.0,190.0,147.0,248.0
0.0,7.0,147.0,427.0
0.0,0.0,0.0,0.0
0.0,0.0,0.0,0.0
0.0,0.0,0.0,0.0
0.0,0.0,0.0,0.0
0.0,0.0,0.0,0.0
0.0,0.0,0.0,0.0
0.0,0.0,0.0,0.0
0.0,0.0,0.0,0.0
0.0,0.0,0.0,0.0
0.0,0.0,0.0,0.0
0.0,0.0,0.0,0.0
0.0,0.0,0.0,0.0
0.0,0.0,0.0,0.0
0.0,0.0,0.0,0.0
0.0,0.0,0.0,0.0
0.0,0.0,0.0,0.0
0.0,0.0,0.0,0.0
0.0,0.0,0.0,0.0
0.0,0.0,0.0,0.0
0.0,0.0,0.0,0.0
0.0,0.0,0.0,0.0
0.0,0.0,0.0,0.0
0.0,0.0,0.0,0.0
0.0,0.0,0.0,0.0
0.0,0.0,0.0,0.0
0.0,0.0,0.0,0.0
0.0,0.0,0.0,0.0
0.0,0.0,0.0,0.0
0.0,0.0,0.0,0.0
0.0,0.0,0.0,0.0
0.0,0.0,0.0,0.0
0.0,0.0,0.0,0.0
0.0,0.0,0.0,0.0
0.0,0.0,0.0,0.0
0.0,0.0,0.0,0.0
0.0,0.0,0.0,0.0
0.0,0.0,0.0,0.0
0.0,0.0,0.0,0.0
0.0,0.0,0.0,0.0
0.0,0.0,0.0,0.0
0.0,0.0,0.0,0.0
0.0,0.0,0.0,0.0
0.0,0.0,0.0,0.0
0.0,0.0,0.0,0.0
0.0,0.0,0.0,0.0
0.0,0.0,0.0,0.0
0.0,0.0,0.0,0.0
0.0,0.0,0.0,0.0
0.0,0.0,0.0,0.0
0.0,0.0,0.0,0.0
0.0,0.0,0.0,0.0
376.0,298.0,114.0,187.0
390.0,235.0,127.0,228.0
392.0,184.0,145.0,229.0
420.0,168.0,124.0,225.0
425.0,133.0,193.0,202.0
424.0,133.0,195.0,201.0
447.0,106.0,217.0,224.0
505.0,77.0,295.0,237.0
611.0,47.0,349.0,248.0
737.0,24.0,416.0,251.0
905.0,0.0,375.0,238.0
0.0,0.0,0.0,0.0
0.0,0.0,0.0,0.0
0.0,0.0,0.0,0.0
0.0,0.0,0.0,0.0
0.0,0.0,0.0,0.0
0.0,0.0,0.0,0.0
0.0,0.0,0.0,0.0
0.0,0.0,0.0,0.0
0.0,0.0,0.0,0.0
0.0,0.0,0.0,0.0
0.0,0.0,0.0,0.0
0.0,0.0,0.0,0.0
0.0,0.0,0.0,0.0
0.0,0.0,0.0,0.0
0.0,0.0,0.0,0.0
0.0,0.0,0.0,0.0
0.0,0.0,0.0,0.0
0.0,0.0,0.0,0.0
0.0,0.0,0.0,0.0
0.0,0.0,0.0,0.0
0.0,0.0,0.0,0.0
0.0,0.0,0.0,0.0
0.0,0.0,0.0,0.0
0.0,0.0,0.0,0.0
0.0,0.0,0.0,0.0
0.0,0.0,0.0,0.0
0.0,0.0,0.0,0.0
0.0,0.0,0.0,0.0
0.0,0.0,0.0,0.0
0.0,0.0,0.0,0.0
0.0,0.0,0.0,0.0
0.0,0.0,0.0,0.0
0.0,0.0,0.0,0.0
0.0,0.0,0.0,0.0
0.0,0.0,0.0,0.0
0.0,0.0,0.0,0.0
0.0,0.0,0.0,0.0
0.0,0.0,0.0,0.0
0.0,0.0,0.0,0.0
0.0,0.0,0.0,0.0
0.0,0.0,0.0,0.0
0.0,0.0,0.0,0.0
0.0,0.0,0.0,0.0
0.0,0.0,0.0,0.0
0.0,0.0,0.0,0.0
0.0,0.0,0.0,0.0
0.0,0.0,0.0,0.0
0.0,0.0,0.0,0.0
0.0,0.0,0.0,0.0
0.0,0.0,0.0,0.0
0.0,0.0,0.0,0.0
0.0,0.0,0.0,0.0
0.0,0.0,0.0,0.0
0.0,0.0,0.0,0.0
0.0,0.0,0.0,0.0
0.0,0.0,0.0,0.0
0.0,0.0,0.0,0.0
0.0,0.0,0.0,0.0
0.0,0.0,0.0,0.0
0.0,0.0,0.0,0.0
0.0,0.0,0.0,0.0
0.0,0.0,0.0,0.0
0.0,0.0,0.0,0.0
0.0,0.0,0.0,0.0
0.0,0.0,0.0,0.0
0.0,0.0,0.0,0.0
0.0,0.0,0.0,0.0
0.0,0.0,0.0,0.0
0.0,0.0,0.0,0.0
0.0,0.0,0.0,0.0
0.0,0.0,0.0,0.0
0.0,0.0,0.0,0.0
0.0,0.0,0.0,0.0
0.0,0.0,0.0,0.0
0.0,0.0,0.0,0.0
0.0,0.0,0.0,0.0
0.0,0.0,0.0,0.0
0.0,0.0,0.0,0.0
0.0,0.0,0.0,0.0
0.0,0.0,0.0,0.0
0.0,0.0,0.0,0.0
0.0,0.0,0.0,0.0
0.0,0.0,0.0,0.0
0.0,0.0,0.0,0.0
0.0,0.0,0.0,0.0
0.0,0.0,0.0,0.0
0.0,0.0,0.0,0.0
0.0,0.0,0.0,0.0
0.0,0.0,0.0,0.0
0.0,0.0,0.0,0.0
0.0,0.0,0.0,0.0
0.0,0.0,0.0,0.0
0.0,0.0,0.0,0.0
692.0,226.0,112.0,201.0
720.0,214.0,69.0,212.0
711.0,196.0,83.0,221.0
682.0,179.0,117.0,174.0
678.0,177.0,125.0,203.0
727.0,173.0,72.0,60.0
729.0,183.0,91.0,68.0
733.0,191.0,82.0,163.0
734.0,200.0,84.0,194.0
735.0,206.0,88.0,215.0
740.0,185.0,83.0,196.0
745.0,168.0,83.0,210.0
743.0,235.0,88.0,148.0
736.0,168.0,112.0,202.0
764.0,159.0,79.0,174.0
746.0,134.0,117.0,214.0
761.0,99.0,100.0,248.0
755.0,117.0,105.0,268.0
754.0,117.0,106.0,269.0
713.0,110.0,136.0,297.0
697.0,172.0,115.0,270.0
742.0,178.0,139.0,291.0
814.0,115.0,114.0,281.0
799.0,53.0,136.0,329.0
780.0,72.0,126.0,304.0
768.0,112.0,140.0,340.0
773.0,134.0,165.0,355.0
805.0,80.0,151.0,335.0
799.0,72.0,151.0,329.0
795.0,93.0,147.0,402.0
791.0,65.0,160.0,354.0
787.0,2.0,168.0,379.0
797.0,0.0,141.0,367.0
781.0,0.0,205.0,407.0
781.0,0.0,202.0,434.0
759.0,0.0,253.0,483.0
789.0,70.0,210.0,442.0
754.0,74.0,229.0,409.0
666.0,56.0,288.0,437.0
715.0,48.0,228.0,391.0
663.0,53.0,284.0,373.0
656.0,53.0,288.0,364.0
737.0,45.0,212.0,368.0
748.0,32.0,178.0,317.0
712.0,24.0,207.0,348.0
683.0,32.0,225.0,309.0
676.0,79.0,208.0,363.0
686.0,112.0,187.0,349.0
672.0,117.0,196.0,330.0
652.0,133.0,183.0,337.0
619.0,80.0,181.0,369.0
601.0,69.0,162.0,353.0
590.0,103.0,210.0,332.0
585.0,187.0,184.0,217.0
537.0,328.0,207.0,159.0
545.0,252.0,159.0,166.0
545.0,269.0,162.0,154.0
555.0,195.0,141.0,193.0
536.0,192.0,143.0,183.0
512.0,201.0,137.0,158.0
494.0,257.0,134.0,152.0
492.0,299.0,121.0,134.0
466.0,320.0,132.0,123.0
420.0,327.0,139.0,131.0
406.0,308.0,132.0,138.0
405.0,308.0,134.0,139.0
397.0,283.0,162.0,180.0
367.0,271.0,132.0,114.0
353.0,263.0,144.0,152.0
330.0,257.0,139.0,206.0
317.0,229.0,147.0,266.0
304.0,216.0,159.0,282.0
295.0,198.0,167.0,286.0
304.0,200.0,166.0,270.0
272.0,237.0,192.0,234.0
265.0,297.0,156.0,213.0
263.0,298.0,158.0,218.0
292.0,250.0,145.0,264.0
296.0,228.0,148.0,243.0
292.0,206.0,167.0,267.0
313.0,198.0,136.0,265.0
303.0,204.0,168.0,291.0
298.0,220.0,163.0,267.0
292.0,215.0,186.0,255.0
290.0,200.0,150.0,250.0
272.0,218.0,180.0,221.0
297.0,229.0,142.0,150.0
317.0,242.0,130.0,157.0
317.0,244.0,129.0,154.0
351.0,217.0,128.0,154.0
360.0,207.0,141.0,163.0
365.0,213.0,135.0,246.0
355.0,233.0,139.0,275.0
322.0,217.0,179.0,150.0
382.0,190.0,143.0,237.0
415.0,173.0,144.0,248.0
401.0,188.0,147.0,266.0
424.0,181.0,128.0,290.0
430.0,221.0,168.0,282.0
434.0,275.0,235.0,262.0
502.0,290.0,237.0,247.0
511.0,319.0,236.0,217.0
579.0,282.0,248.0,253.0
619.0,165.0,302.0,328.0
671.0,4.0,371.0,527.0
794.0,0.0,459.0,536.0
925.0,0.0,355.0,537.0
0.0,0.0,0.0,0.0
0.0,0.0,0.0,0.0
0.0,0.0,0.0,0.0
0.0,0.0,0.0,0.0
0.0,0.0,0.0,0.0
0.0,0.0,0.0,0.0
0.0,0.0,0.0,0.0
0.0,0.0,0.0,0.0
0.0,0.0,0.0,0.0
0.0,0.0,0.0,0.0
0.0,0.0,0.0,0.0
0.0,0.0,0.0,0.0
0.0,0.0,0.0,0.0
0.0,0.0,0.0,0.0
0.0,0.0,0.0,0.0
0.0,0.0,0.0,0.0
0.0,0.0,0.0,0.0
0.0,0.0,0.0,0.0
0.0,0.0,0.0,0.0
0.0,0.0,0.0,0.0
0.0,0.0,0.0,0.0
0.0,0.0,0.0,0.0
0.0,0.0,0.0,0.0
0.0,0.0,0.0,0.0
0.0,0.0,0.0,0.0
0.0,0.0,0.0,0.0
0.0,0.0,0.0,0.0
0.0,0.0,0.0,0.0
0.0,0.0,0.0,0.0
0.0,0.0,0.0,0.0
0.0,0.0,0.0,0.0
0.0,0.0,0.0,0.0
0.0,0.0,0.0,0.0
0.0,0.0,0.0,0.0
0.0,0.0,0.0,0.0
0.0,0.0,0.0,0.0
0.0,0.0,0.0,0.0
0.0,0.0,0.0,0.0
0.0,0.0,0.0,0.0
0.0,0.0,0.0,0.0
0.0,0.0,0.0,0.0
0.0,0.0,0.0,0.0
0.0,0.0,0.0,0.0
0.0,0.0,0.0,0.0
0.0,0.0,0.0,0.0
0.0,0.0,0.0,0.0
0.0,0.0,0.0,0.0
0.0,0.0,0.0,0.0
0.0,0.0,0.0,0.0
0.0,0.0,0.0,0.0
0.0,0.0,0.0,0.0
0.0,0.0,0.0,0.0
0.0,0.0,0.0,0.0
0.0,0.0,0.0,0.0
0.0,0.0,0.0,0.0
0.0,0.0,0.0,0.0
0.0,0.0,0.0,0.0
0.0,0.0,0.0,0.0
0.0,0.0,0.0,0.0
0.0,0.0,0.0,0.0
0.0,0.0,0.0,0.0
0.0,0.0,0.0,0.0
0.0,0.0,0.0,0.0
0.0,0.0,0.0,0.0
0.0,0.0,0.0,0.0
0.0,0.0,0.0,0.0
0.0,0.0,0.0,0.0
0.0,0.0,0.0,0.0
0.0,0.0,0.0,0.0
0.0,0.0,0.0,0.0
0.0,0.0,0.0,0.0
0.0,0.0,0.0,0.0
0.0,0.0,0.0,0.0
0.0,0.0,0.0,0.0
0.0,0.0,0.0,0.0
0.0,0.0,0.0,0.0
0.0,0.0,0.0,0.0
0.0,0.0,0.0,0.0
0.0,0.0,0.0,0.0
0.0,0.0,0.0,0.0
0.0,0.0,0.0,0.0
0.0,0.0,0.0,0.0
0.0,0.0,0.0,0.0
0.0,0.0,0.0,0.0
0.0,0.0,0.0,0.0
0.0,0.0,0.0,0.0
0.0,0.0,0.0,0.0
0.0,0.0,0.0,0.0
0.0,0.0,0.0,0.0
0.0,0.0,0.0,0.0
0.0,0.0,0.0,0.0
0.0,0.0,0.0,0.0
0.0,0.0,0.0,0.0
0.0,0.0,0.0,0.0
0.0,0.0,0.0,0.0
0.0,0.0,0.0,0.0
0.0,0.0,0.0,0.0
0.0,0.0,0.0,0.0
0.0,0.0,0.0,0.0
0.0,0.0,0.0,0.0
0.0,0.0,0.0,0.0
0.0,0.0,0.0,0.0
0.0,0.0,0.0,0.0
0.0,0.0,0.0,0.0
0.0,0.0,0.0,0.0
0.0,0.0,0.0,0.0
0.0,0.0,0.0,0.0
0.0,0.0,0.0,0.0
0.0,0.0,0.0,0.0
0.0,0.0,0.0,0.0
0.0,0.0,0.0,0.0
0.0,0.0,0.0,0.0
0.0,0.0,0.0,0.0
0.0,0.0,0.0,0.0
0.0,0.0,0.0,0.0
0.0,0.0,0.0,0.0
0.0,0.0,0.0,0.0
0.0,0.0,0.0,0.0
0.0,0.0,0.0,0.0
0.0,0.0,0.0,0.0
0.0,0.0,0.0,0.0
0.0,0.0,0.0,0.0
0.0,0.0,0.0,0.0
0.0,0.0,0.0,0.0
0.0,0.0,0.0,0.0
0.0,0.0,0.0,0.0
0.0,0.0,0.0,0.0
0.0,0.0,0.0,0.0
0.0,0.0,0.0,0.0
0.0,0.0,0.0,0.0
0.0,0.0,0.0,0.0
0.0,0.0,0.0,0.0
0.0,0.0,0.0,0.0
0.0,0.0,0.0,0.0
0.0,0.0,0.0,0.0
0.0,0.0,0.0,0.0
0.0,0.0,0.0,0.0
0.0,0.0,0.0,0.0
0.0,0.0,0.0,0.0
0.0,0.0,0.0,0.0
0.0,0.0,0.0,0.0
0.0,0.0,0.0,0.0
0.0,0.0,0.0,0.0
0.0,0.0,0.0,0.0
0.0,0.0,0.0,0.0
0.0,0.0,0.0,0.0
0.0,0.0,0.0,0.0
0.0,0.0,0.0,0.0
0.0,0.0,0.0,0.0
0.0,0.0,0.0,0.0
0.0,0.0,0.0,0.0
0.0,0.0,0.0,0.0
0.0,0.0,0.0,0.0
0.0,0.0,0.0,0.0
0.0,0.0,0.0,0.0
0.0,0.0,0.0,0.0
0.0,0.0,0.0,0.0
0.0,0.0,0.0,0.0
0.0,0.0,0.0,0.0
0.0,0.0,0.0,0.0
0.0,0.0,0.0,0.0
0.0,0.0,0.0,0.0
0.0,0.0,0.0,0.0
0.0,0.0,0.0,0.0
0.0,0.0,0.0,0.0
0.0,0.0,0.0,0.0
0.0,0.0,0.0,0.0
0.0,0.0,0.0,0.0
0.0,0.0,0.0,0.0
0.0,0.0,0.0,0.0
0.0,0.0,0.0,0.0
0.0,0.0,0.0,0.0
0.0,0.0,0.0,0.0
0.0,0.0,0.0,0.0
0.0,0.0,0.0,0.0
0.0,0.0,0.0,0.0
0.0,0.0,0.0,0.0
0.0,0.0,0.0,0.0
0.0,0.0,0.0,0.0
0.0,0.0,0.0,0.0
0.0,0.0,0.0,0.0
0.0,0.0,0.0,0.0
0.0,0.0,0.0,0.0
0.0,0.0,0.0,0.0
0.0,0.0,0.0,0.0
0.0,0.0,0.0,0.0
0.0,0.0,0.0,0.0
0.0,0.0,0.0,0.0
0.0,0.0,0.0,0.0
0.0,0.0,0.0,0.0
0.0,0.0,0.0,0.0
0.0,0.0,0.0,0.0
0.0,0.0,0.0,0.0
0.0,0.0,0.0,0.0
0.0,0.0,0.0,0.0
0.0,0.0,0.0,0.0
0.0,0.0,0.0,0.0
0.0,0.0,0.0,0.0
0.0,0.0,0.0,0.0
0.0,0.0,0.0,0.0
0.0,0.0,0.0,0.0
0.0,0.0,0.0,0.0
0.0,0.0,0.0,0.0
0.0,0.0,0.0,0.0
0.0,0.0,0.0,0.0
0.0,0.0,0.0,0.0
0.0,0.0,0.0,0.0
0.0,0.0,0.0,0.0
0.0,0.0,0.0,0.0
0.0,0.0,0.0,0.0
0.0,0.0,0.0,0.0
0.0,0.0,0.0,0.0
0.0,0.0,0.0,0.0
0.0,0.0,0.0,0.0
0.0,0.0,0.0,0.0
0.0,0.0,0.0,0.0
0.0,0.0,0.0,0.0
0.0,0.0,0.0,0.0
0.0,0.0,0.0,0.0
0.0,0.0,0.0,0.0
0.0,0.0,0.0,0.0
0.0,0.0,0.0,0.0
0.0,0.0,0.0,0.0
0.0,0.0,0.0,0.0
0.0,0.0,0.0,0.0
0.0,0.0,0.0,0.0
0.0,0.0,0.0,0.0
0.0,0.0,0.0,0.0
0.0,0.0,0.0,0.0
0.0,0.0,0.0,0.0
0.0,0.0,0.0,0.0
0.0,0.0,0.0,0.0
0.0,0.0,0.0,0.0
0.0,0.0,0.0,0.0
0.0,0.0,0.0,0.0
0.0,0.0,0.0,0.0
0.0,0.0,0.0,0.0
0.0,0.0,0.0,0.0
0.0,0.0,0.0,0.0
0.0,0.0,0.0,0.0
0.0,0.0,0.0,0.0
0.0,0.0,0.0,0.0
0.0,0.0,0.0,0.0
0.0,0.0,0.0,0.0
0.0,0.0,0.0,0.0
0.0,0.0,0.0,0.0
0.0,0.0,0.0,0.0
0.0,0.0,0.0,0.0
0.0,0.0,0.0,0.0
0.0,0.0,0.0,0.0
0.0,0.0,0.0,0.0
0.0,0.0,0.0,0.0
0.0,0.0,0.0,0.0
0.0,0.0,0.0,0.0
0.0,0.0,0.0,0.0
0.0,0.0,0.0,0.0
0.0,0.0,0.0,0.0
0.0,0.0,0.0,0.0
0.0,0.0,0.0,0.0
0.0,0.0,0.0,0.0
0.0,0.0,0.0,0.0
0.0,0.0,0.0,0.0
0.0,0.0,0.0,0.0
0.0,0.0,0.0,0.0
0.0,0.0,0.0,0.0
0.0,0.0,0.0,0.0
0.0,0.0,0.0,0.0
0.0,0.0,0.0,0.0
0.0,0.0,0.0,0.0
0.0,0.0,0.0,0.0
0.0,0.0,0.0,0.0
101.0,399.0,462.0,136.0
145.0,396.0,318.0,139.0
145.0,412.0,320.0,123.0
142.0,397.0,466.0,140.0
167.0,407.0,462.0,129.0
199.0,393.0,489.0,144.0
230.0,407.0,344.0,128.0
228.0,403.0,392.0,132.0
243.0,425.0,459.0,112.0
247.0,447.0,471.0,90.0
320.0,426.0,373.0,110.0
369.0,427.0,328.0,110.0
235.0,422.0,506.0,113.0
187.0,429.0,597.0,108.0
187.0,429.0,598.0,108.0
196.0,392.0,578.0,143.0
404.0,369.0,303.0,166.0
430.0,371.0,306.0,164.0
216.0,429.0,582.0,106.0
207.0,389.0,616.0,146.0
259.0,400.0,479.0,135.0
387.0,405.0,360.0,130.0
360.0,427.0,420.0,109.0
229.0,388.0,599.0,148.0
206.0,388.0,515.0,147.0
468.0,401.0,271.0,134.0
416.0,367.0,346.0,168.0
354.0,261.0,504.0,273.0
327.0,135.0,472.0,398.0
394.0,3.0,429.0,530.0
373.0,1.0,436.0,515.0
227.0,0.0,803.0,374.0
406.0,1.0,321.0,324.0
501.0,0.0,317.0,241.0
473.0,0.0,414.0,176.0
450.0,0.0,392.0,159.0
479.0,0.0,281.0,224.0
491.0,0.0,299.0,151.0
491.0,0.0,299.0,151.0
494.0,0.0,295.0,279.0
442.0,0.0,470.0,201.0
460.0,0.0,314.0,205.0
452.0,0.0,288.0,257.0
472.0,0.0,208.0,148.0
465.0,0.0,316.0,224.0
405.0,0.0,313.0,132.0
415.0,0.0,346.0,190.0
186.0,124.0,195.0,297.0
197.0,121.0,190.0,305.0
197.0,120.0,204.0,299.0
204.0,117.0,203.0,301.0
219.0,118.0,197.0,297.0
224.0,109.0,198.0,300.0
241.0,109.0,195.0,310.0
238.0,101.0,203.0,289.0
243.0,101.0,208.0,308.0
261.0,94.0,197.0,312.0
271.0,88.0,204.0,310.0
273.0,83.0,208.0,296.0
279.0,79.0,205.0,318.0
278.0,82.0,223.0,297.0
295.0,75.0,213.0,307.0
295.0,75.0,213.0,306.0
303.0,79.0,212.0,299.0
309.0,71.0,211.0,296.0
317.0,75.0,216.0,324.0
308.0,70.0,230.0,288.0
321.0,75.0,226.0,301.0
338.0,71.0,215.0,313.0
338.0,75.0,230.0,296.0
351.0,72.0,221.0,318.0
342.0,75.0,236.0,302.0
355.0,66.0,223.0,317.0
369.0,65.0,213.0,316.0
376.0,66.0,196.0,317.0
372.0,61.0,197.0,325.0
378.0,56.0,182.0,327.0
404.0,53.0,157.0,346.0
400.0,54.0,165.0,334.0
396.0,53.0,164.0,339.0
389.0,65.0,166.0,329.0
390.0,80.0,180.0,335.0
400.0,75.0,205.0,318.0
427.0,60.0,188.0,343.0
474.0,41.0,164.0,362.0
473.0,40.0,170.0,363.0
483.0,38.0,226.0,374.0
510.0,79.0,259.0,331.0
532.0,109.0,245.0,287.0
534.0,120.0,237.0,333.0
558.0,127.0,209.0,291.0
501.0,137.0,234.0,274.0
498.0,162.0,272.0,265.0
566.0,211.0,389.0,205.0
667.0,166.0,552.0,279.0
837.0,91.0,443.0,322.0
1067.0,208.0,213.0,214.0
1176.0,284.0,104.0,95.0
1262.0,283.0,18.0,60.0
0.0,0.0,0.0,0.0
0.0,0.0,0.0,0.0
0.0,0.0,0.0,0.0
0.0,0.0,0.0,0.0
0.0,0.0,0.0,0.0
0.0,0.0,0.0,0.0
0.0,0.0,0.0,0.0
0.0,0.0,0.0,0.0
0.0,0.0,0.0,0.0
0.0,0.0,0.0,0.0
0.0,0.0,0.0,0.0
0.0,0.0,0.0,0.0
0.0,0.0,0.0,0.0
0.0,0.0,0.0,0.0
0.0,0.0,0.0,0.0
0.0,0.0,0.0,0.0
0.0,0.0,0.0,0.0
0.0,0.0,0.0,0.0
0.0,0.0,0.0,0.0
0.0,0.0,0.0,0.0
0.0,0.0,0.0,0.0
0.0,0.0,0.0,0.0
0.0,0.0,0.0,0.0
0.0,0.0,0.0,0.0
0.0,0.0,0.0,0.0
0.0,0.0,0.0,0.0
0.0,0.0,0.0,0.0
0.0,0.0,0.0,0.0
0.0,0.0,0.0,0.0
0.0,0.0,0.0,0.0
0.0,0.0,0.0,0.0
0.0,0.0,0.0,0.0
0.0,0.0,0.0,0.0
0.0,0.0,0.0,0.0
0.0,0.0,0.0,0.0
0.0,0.0,0.0,0.0
0.0,0.0,0.0,0.0
0.0,0.0,0.0,0.0
0.0,0.0,0.0,0.0
0.0,0.0,0.0,0.0
0.0,0.0,0.0,0.0
0.0,0.0,0.0,0.0
0.0,0.0,0.0,0.0
0.0,0.0,0.0,0.0
0.0,0.0,0.0,0.0
0.0,0.0,0.0,0.0
0.0,0.0,0.0,0.0
0.0,0.0,0.0,0.0
0.0,0.0,0.0,0.0
0.0,0.0,0.0,0.0
0.0,0.0,0.0,0.0
0.0,0.0,0.0,0.0
0.0,0.0,0.0,0.0
0.0,0.0,0.0,0.0
0.0,0.0,0.0,0.0
0.0,0.0,0.0,0.0
0.0,0.0,0.0,0.0
0.0,0.0,0.0,0.0
0.0,0.0,0.0,0.0
0.0,0.0,0.0,0.0
0.0,0.0,0.0,0.0
0.0,0.0,0.0,0.0
0.0,0.0,0.0,0.0
0.0,0.0,0.0,0.0
0.0,0.0,0.0,0.0
0.0,0.0,0.0,0.0
0.0,0.0,0.0,0.0
0.0,0.0,0.0,0.0
0.0,0.0,0.0,0.0
0.0,0.0,0.0,0.0
0.0,0.0,0.0,0.0
0.0,0.0,0.0,0.0
0.0,0.0,0.0,0.0
0.0,0.0,0.0,0.0
0.0,0.0,0.0,0.0
0.0,0.0,0.0,0.0
0.0,0.0,0.0,0.0
0.0,0.0,0.0,0.0
0.0,0.0,0.0,0.0
0.0,0.0,0.0,0.0
0.0,0.0,0.0,0.0
0.0,0.0,0.0,0.0
0.0,0.0,0.0,0.0
0.0,0.0,0.0,0.0
0.0,0.0,0.0,0.0
0.0,0.0,0.0,0.0
0.0,0.0,0.0,0.0
0.0,0.0,0.0,0.0
0.0,0.0,0.0,0.0
0.0,0.0,0.0,0.0
0.0,0.0,0.0,0.0
0.0,0.0,0.0,0.0
0.0,0.0,0.0,0.0
0.0,0.0,0.0,0.0
0.0,0.0,0.0,0.0
0.0,0.0,0.0,0.0
0.0,0.0,0.0,0.0
0.0,0.0,0.0,0.0
0.0,0.0,0.0,0.0
0.0,0.0,0.0,0.0
0.0,0.0,0.0,0.0
0.0,0.0,0.0,0.0
0.0,0.0,0.0,0.0
0.0,0.0,0.0,0.0
0.0,0.0,0.0,0.0
0.0,0.0,0.0,0.0
0.0,0.0,0.0,0.0
0.0,0.0,0.0,0.0
0.0,0.0,0.0,0.0
0.0,0.0,0.0,0.0
0.0,0.0,0.0,0.0
0.0,0.0,0.0,0.0
0.0,0.0,0.0,0.0
0.0,0.0,0.0,0.0
0.0,0.0,0.0,0.0
0.0,0.0,0.0,0.0
0.0,0.0,0.0,0.0
0.0,0.0,0.0,0.0
0.0,0.0,0.0,0.0
0.0,0.0,0.0,0.0
0.0,0.0,0.0,0.0
0.0,0.0,0.0,0.0
0.0,0.0,0.0,0.0
0.0,0.0,0.0,0.0
0.0,0.0,0.0,0.0
0.0,0.0,0.0,0.0
0.0,0.0,0.0,0.0
0.0,0.0,0.0,0.0
0.0,0.0,0.0,0.0
0.0,0.0,0.0,0.0
0.0,0.0,0.0,0.0
0.0,0.0,0.0,0.0
0.0,0.0,0.0,0.0
0.0,0.0,0.0,0.0
0.0,0.0,0.0,0.0
0.0,0.0,0.0,0.0
0.0,0.0,0.0,0.0
0.0,0.0,0.0,0.0
0.0,0.0,0.0,0.0
0.0,0.0,0.0,0.0
0.0,0.0,0.0,0.0
0.0,0.0,0.0,0.0
0.0,0.0,0.0,0.0
0.0,0.0,0.0,0.0
0.0,0.0,0.0,0.0
0.0,0.0,0.0,0.0
0.0,0.0,0.0,0.0
0.0,0.0,0.0,0.0
0.0,0.0,0.0,0.0
0.0,0.0,0.0,0.0
0.0,0.0,0.0,0.0
0.0,0.0,0.0,0.0
0.0,0.0,0.0,0.0
0.0,0.0,0.0,0.0
0.0,0.0,0.0,0.0
0.0,0.0,0.0,0.0
0.0,0.0,0.0,0.0
0.0,0.0,0.0,0.0
0.0,0.0,0.0,0.0
0.0,0.0,0.0,0.0
0.0,0.0,0.0,0.0
0.0,0.0,0.0,0.0
0.0,0.0,0.0,0.0
0.0,0.0,0.0,0.0
0.0,0.0,0.0,0.0
0.0,0.0,0.0,0.0
0.0,0.0,0.0,0.0
0.0,0.0,0.0,0.0
0.0,0.0,0.0,0.0
0.0,0.0,0.0,0.0
0.0,0.0,0.0,0.0
0.0,0.0,0.0,0.0
0.0,0.0,0.0,0.0
0.0,0.0,0.0,0.0
0.0,0.0,0.0,0.0
0.0,0.0,0.0,0.0
0.0,0.0,0.0,0.0
698.0,315.0,72.0,111.0
704.0,314.0,69.0,126.0
717.0,311.0,74.0,142.0
733.0,300.0,75.0,149.0
753.0,297.0,80.0,145.0
771.0,283.0,91.0,145.0
788.0,273.0,109.0,167.0
828.0,272.0,111.0,151.0
840.0,272.0,152.0,182.0
907.0,269.0,144.0,175.0
886.0,257.0,240.0,189.0
1025.0,236.0,180.0,200.0
1100.0,222.0,180.0,206.0
1223.0,191.0,57.0,233.0
0.0,0.0,0.0,0.0
0.0,0.0,0.0,0.0
0.0,0.0,0.0,0.0
0.0,0.0,0.0,0.0
0.0,0.0,0.0,0.0
0.0,0.0,0.0,0.0
0.0,0.0,0.0,0.0
0.0,0.0,0.0,0.0
0.0,0.0,0.0,0.0
0.0,0.0,0.0,0.0
0.0,0.0,0.0,0.0
0.0,0.0,0.0,0.0
0.0,0.0,0.0,0.0
0.0,0.0,0.0,0.0
0.0,0.0,0.0,0.0
0.0,0.0,0.0,0.0
0.0,0.0,0.0,0.0
0.0,0.0,0.0,0.0
0.0,0.0,0.0,0.0
0.0,0.0,0.0,0.0
0.0,0.0,0.0,0.0
0.0,0.0,0.0,0.0
0.0,0.0,0.0,0.0
0.0,0.0,0.0,0.0
0.0,0.0,0.0,0.0
0.0,0.0,0.0,0.0
0.0,0.0,0.0,0.0
0.0,0.0,0.0,0.0
0.0,0.0,0.0,0.0
0.0,0.0,0.0,0.0
0.0,0.0,0.0,0.0
0.0,0.0,0.0,0.0
0.0,0.0,0.0,0.0
0.0,0.0,0.0,0.0
0.0,0.0,0.0,0.0
0.0,0.0,0.0,0.0
0.0,0.0,0.0,0.0
0.0,0.0,0.0,0.0
0.0,0.0,0.0,0.0
0.0,0.0,0.0,0.0
0.0,0.0,0.0,0.0
0.0,0.0,0.0,0.0
0.0,0.0,0.0,0.0
0.0,0.0,0.0,0.0
0.0,0.0,0.0,0.0
0.0,0.0,0.0,0.0
0.0,0.0,0.0,0.0
0.0,0.0,0.0,0.0
0.0,0.0,0.0,0.0
0.0,0.0,0.0,0.0
0.0,0.0,0.0,0.0
0.0,0.0,0.0,0.0
0.0,0.0,0.0,0.0
0.0,0.0,0.0,0.0
0.0,0.0,0.0,0.0
0.0,0.0,0.0,0.0
0.0,0.0,0.0,0.0
0.0,0.0,0.0,0.0
0.0,0.0,0.0,0.0
0.0,0.0,0.0,0.0
0.0,0.0,0.0,0.0
0.0,0.0,0.0,0.0
0.0,0.0,0.0,0.0
0.0,0.0,0.0,0.0
0.0,0.0,0.0,0.0
0.0,0.0,0.0,0.0
0.0,0.0,0.0,0.0
0.0,0.0,0.0,0.0
0.0,0.0,0.0,0.0
0.0,0.0,0.0,0.0
0.0,0.0,0.0,0.0
0.0,0.0,0.0,0.0
0.0,0.0,0.0,0.0
0.0,0.0,0.0,0.0
546.0,338.0,213.0,196.0
520.0,323.0,248.0,213.0
504.0,313.0,234.0,222.0
504.0,313.0,234.0,222.0
495.0,314.0,177.0,221.0
474.0,328.0,151.0,207.0
510.0,324.0,124.0,211.0
533.0,316.0,129.0,220.0
547.0,303.0,131.0,230.0
586.0,296.0,124.0,236.0
608.0,287.0,113.0,240.0
627.0,287.0,112.0,225.0
637.0,285.0,89.0,231.0
625.0,283.0,101.0,177.0
611.0,264.0,108.0,184.0
600.0,242.0,87.0,192.0
585.0,218.0,95.0,193.0
580.0,205.0,79.0,205.0
569.0,205.0,89.0,218.0
565.0,214.0,89.0,217.0
549.0,221.0,95.0,171.0
545.0,227.0,91.0,162.0
535.0,232.0,90.0,159.0
506.0,240.0,113.0,146.0
503.0,236.0,109.0,139.0
517.0,234.0,74.0,109.0
517.0,235.0,74.0,108.0
535.0,222.0,85.0,114.0
563.0,221.0,69.0,116.0
609.0,204.0,55.0,119.0
623.0,193.0,67.0,141.0
641.0,192.0,71.0,122.0
656.0,197.0,72.0,113.0
667.0,196.0,83.0,107.0
671.0,196.0,97.0,100.0
0.0,0.0,0.0,0.0
822.0,277.0,38.0,24.0
767.0,273.0,112.0,36.0
0.0,0.0,0.0,0.0
0.0,0.0,0.0,0.0
0.0,0.0,0.0,0.0
0.0,0.0,0.0,0.0
0.0,0.0,0.0,0.0
0.0,0.0,0.0,0.0
0.0,0.0,0.0,0.0
0.0,0.0,0.0,0.0
0.0,0.0,0.0,0.0
0.0,0.0,0.0,0.0
0.0,0.0,0.0,0.0
0.0,0.0,0.0,0.0
0.0,0.0,0.0,0.0
0.0,0.0,0.0,0.0
0.0,0.0,0.0,0.0
0.0,0.0,0.0,0.0
0.0,0.0,0.0,0.0
0.0,0.0,0.0,0.0
0.0,0.0,0.0,0.0
0.0,0.0,0.0,0.0
667.0,301.0,115.0,75.0
720.0,296.0,107.0,95.0
765.0,286.0,117.0,89.0
837.0,271.0,109.0,145.0
906.0,251.0,109.0,117.0
980.0,234.0,67.0,108.0
992.0,220.0,72.0,130.0
985.0,213.0,53.0,115.0
933.0,216.0,86.0,117.0
884.0,226.0,79.0,101.0
825.0,244.0,91.0,110.0
767.0,261.0,112.0,95.0
713.0,272.0,91.0,83.0
665.0,284.0,148.0,97.0
607.0,288.0,146.0,86.0
607.0,287.0,146.0,88.0
553.0,293.0,140.0,90.0
495.0,298.0,125.0,92.0
0.0,0.0,0.0,0.0
0.0,0.0,0.0,0.0
0.0,0.0,0.0,0.0
0.0,0.0,0.0,0.0
0.0,0.0,0.0,0.0
0.0,0.0,0.0,0.0
0.0,0.0,0.0,0.0
0.0,0.0,0.0,0.0
0.0,0.0,0.0,0.0
0.0,0.0,0.0,0.0
0.0,0.0,0.0,0.0
0.0,0.0,0.0,0.0
0.0,0.0,0.0,0.0
0.0,0.0,0.0,0.0
0.0,0.0,0.0,0.0
0.0,0.0,0.0,0.0
0.0,0.0,0.0,0.0
0.0,0.0,0.0,0.0
0.0,0.0,0.0,0.0
0.0,0.0,0.0,0.0
0.0,0.0,0.0,0.0
0.0,0.0,0.0,0.0
0.0,0.0,0.0,0.0
0.0,0.0,0.0,0.0
0.0,0.0,0.0,0.0
0.0,0.0,0.0,0.0
0.0,0.0,0.0,0.0
0.0,0.0,0.0,0.0
0.0,0.0,0.0,0.0
0.0,0.0,0.0,0.0
0.0,0.0,0.0,0.0
0.0,0.0,0.0,0.0
0.0,0.0,0.0,0.0
0.0,0.0,0.0,0.0
0.0,0.0,0.0,0.0
0.0,0.0,0.0,0.0
0.0,0.0,0.0,0.0
0.0,0.0,0.0,0.0
0.0,0.0,0.0,0.0
0.0,0.0,0.0,0.0
0.0,0.0,0.0,0.0
0.0,0.0,0.0,0.0
0.0,0.0,0.0,0.0
0.0,0.0,0.0,0.0
0.0,0.0,0.0,0.0
0.0,0.0,0.0,0.0
0.0,0.0,0.0,0.0
0.0,0.0,0.0,0.0
0.0,0.0,0.0,0.0
0.0,0.0,0.0,0.0
0.0,0.0,0.0,0.0
0.0,0.0,0.0,0.0
0.0,0.0,0.0,0.0
0.0,0.0,0.0,0.0
0.0,0.0,0.0,0.0
0.0,0.0,0.0,0.0
0.0,0.0,0.0,0.0
0.0,0.0,0.0,0.0
0.0,0.0,0.0,0.0
0.0,0.0,0.0,0.0
0.0,0.0,0.0,0.0
0.0,0.0,0.0,0.0
0.0,0.0,0.0,0.0
0.0,0.0,0.0,0.0
0.0,0.0,0.0,0.0
0.0,0.0,0.0,0.0
0.0,0.0,0.0,0.0
0.0,0.0,0.0,0.0
0.0,0.0,0.0,0.0
0.0,0.0,0.0,0.0
0.0,0.0,0.0,0.0
576.0,301.0,55.0,60.0
640.0,298.0,63.0,62.0
827.0,291.0,74.0,67.0
933.0,291.0,78.0,71.0
1043.0,292.0,77.0,85.0
1155.0,297.0,96.0,94.0
0.0,0.0,0.0,0.0
0.0,0.0,0.0,0.0
0.0,0.0,0.0,0.0
0.0,0.0,0.0,0.0
0.0,0.0,0.0,0.0
0.0,0.0,0.0,0.0
0.0,0.0,0.0,0.0
0.0,0.0,0.0,0.0
0.0,0.0,0.0,0.0
0.0,0.0,0.0,0.0
0.0,0.0,0.0,0.0
0.0,0.0,0.0,0.0
0.0,0.0,0.0,0.0
0.0,0.0,0.0,0.0
0.0,0.0,0.0,0.0
0.0,0.0,0.0,0.0
0.0,0.0,0.0,0.0
0.0,0.0,0.0,0.0
0.0,0.0,0.0,0.0
0.0,0.0,0.0,0.0
0.0,0.0,0.0,0.0
0.0,0.0,0.0,0.0
0.0,0.0,0.0,0.0
0.0,0.0,0.0,0.0
0.0,0.0,0.0,0.0
0.0,0.0,0.0,0.0
0.0,0.0,0.0,0.0
0.0,0.0,0.0,0.0
0.0,0.0,0.0,0.0
0.0,0.0,0.0,0.0
0.0,0.0,0.0,0.0
0.0,0.0,0.0,0.0
0.0,0.0,0.0,0.0
0.0,0.0,0.0,0.0
0.0,0.0,0.0,0.0
0.0,0.0,0.0,0.0
226.0,438.0,103.0,82.0
225.0,438.0,105.0,82.0
236.0,421.0,107.0,74.0
252.0,405.0,101.0,70.0
278.0,386.0,95.0,65.0
295.0,368.0,99.0,59.0
335.0,352.0,85.0,59.0
373.0,334.0,78.0,53.0
437.0,308.0,72.0,41.0
480.0,296.0,63.0,44.0
522.0,287.0,52.0,41.0
555.0,283.0,53.0,33.0
587.0,278.0,52.0,35.0
621.0,276.0,45.0,28.0
0.0,0.0,0.0,0.0
0.0,0.0,0.0,0.0
0.0,0.0,0.0,0.0
0.0,0.0,0.0,0.0
0.0,0.0,0.0,0.0
0.0,0.0,0.0,0.0
0.0,0.0,0.0,0.0
0.0,0.0,0.0,0.0
0.0,0.0,0.0,0.0
0.0,0.0,0.0,0.0
0.0,0.0,0.0,0.0
0.0,0.0,0.0,0.0
0.0,0.0,0.0,0.0
0.0,0.0,0.0,0.0
0.0,0.0,0.0,0.0
0.0,0.0,0.0,0.0
0.0,0.0,0.0,0.0
0.0,0.0,0.0,0.0
0.0,0.0,0.0,0.0
0.0,0.0,0.0,0.0
0.0,0.0,0.0,0.0
0.0,0.0,0.0,0.0
0.0,0.0,0.0,0.0
0.0,0.0,0.0,0.0
0.0,0.0,0.0,0.0
0.0,0.0,0.0,0.0
0.0,0.0,0.0,0.0
0.0,0.0,0.0,0.0
0.0,0.0,0.0,0.0
0.0,0.0,0.0,0.0
0.0,0.0,0.0,0.0
0.0,0.0,0.0,0.0
0.0,0.0,0.0,0.0
0.0,0.0,0.0,0.0
0.0,0.0,0.0,0.0
0.0,0.0,0.0,0.0
0.0,0.0,0.0,0.0
0.0,0.0,0.0,0.0
0.0,0.0,0.0,0.0
0.0,0.0,0.0,0.0
0.0,0.0,0.0,0.0
0.0,0.0,0.0,0.0
0.0,0.0,0.0,0.0
0.0,0.0,0.0,0.0
0.0,0.0,0.0,0.0
0.0,0.0,0.0,0.0
0.0,0.0,0.0,0.0
0.0,0.0,0.0,0.0
0.0,0.0,0.0,0.0
0.0,0.0,0.0,0.0
0.0,0.0,0.0,0.0
0.0,0.0,0.0,0.0
0.0,0.0,0.0,0.0
0.0,0.0,0.0,0.0
0.0,0.0,0.0,0.0
0.0,0.0,0.0,0.0
0.0,0.0,0.0,0.0
0.0,0.0,0.0,0.0
0.0,0.0,0.0,0.0
0.0,0.0,0.0,0.0
0.0,0.0,0.0,0.0
0.0,0.0,0.0,0.0
0.0,0.0,0.0,0.0
0.0,0.0,0.0,0.0
0.0,0.0,0.0,0.0
0.0,0.0,0.0,0.0
0.0,0.0,0.0,0.0
0.0,0.0,0.0,0.0
0.0,0.0,0.0,0.0
0.0,0.0,0.0,0.0
0.0,0.0,0.0,0.0
0.0,0.0,0.0,0.0
0.0,0.0,0.0,0.0
0.0,0.0,0.0,0.0
0.0,0.0,0.0,0.0
0.0,0.0,0.0,0.0
0.0,0.0,0.0,0.0
0.0,0.0,0.0,0.0
0.0,0.0,0.0,0.0
0.0,0.0,0.0,0.0
0.0,0.0,0.0,0.0
0.0,0.0,0.0,0.0
0.0,0.0,0.0,0.0
0.0,0.0,0.0,0.0
0.0,0.0,0.0,0.0
0.0,0.0,0.0,0.0
0.0,0.0,0.0,0.0
0.0,0.0,0.0,0.0
0.0,0.0,0.0,0.0
0.0,0.0,0.0,0.0
0.0,0.0,0.0,0.0
0.0,0.0,0.0,0.0
0.0,0.0,0.0,0.0
0.0,0.0,0.0,0.0
0.0,0.0,0.0,0.0
0.0,0.0,0.0,0.0
0.0,0.0,0.0,0.0
0.0,0.0,0.0,0.0
0.0,0.0,0.0,0.0
0.0,0.0,0.0,0.0
0.0,0.0,0.0,0.0
0.0,0.0,0.0,0.0
0.0,0.0,0.0,0.0
0.0,0.0,0.0,0.0
0.0,0.0,0.0,0.0
0.0,0.0,0.0,0.0
0.0,0.0,0.0,0.0
0.0,0.0,0.0,0.0
0.0,0.0,0.0,0.0
0.0,0.0,0.0,0.0
0.0,0.0,0.0,0.0
0.0,0.0,0.0,0.0
0.0,0.0,0.0,0.0
0.0,0.0,0.0,0.0
0.0,0.0,0.0,0.0
0.0,0.0,0.0,0.0
0.0,0.0,0.0,0.0
0.0,0.0,0.0,0.0
0.0,0.0,0.0,0.0
892.0,341.0,47.0,127.0
906.0,328.0,39.0,119.0
916.0,314.0,34.0,123.0
921.0,302.0,35.0,124.0
925.0,292.0,38.0,113.0
934.0,285.0,40.0,95.0
947.0,278.0,38.0,51.0
957.0,274.0,34.0,68.0
960.0,270.0,30.0,60.0
960.0,270.0,31.0,59.0
963.0,270.0,33.0,47.0
970.0,273.0,31.0,60.0
971.0,278.0,41.0,68.0
987.0,289.0,33.0,40.0
1005.0,291.0,34.0,41.0
1027.0,285.0,32.0,86.0
1048.0,277.0,31.0,39.0
1072.0,265.0,37.0,47.0
1090.0,254.0,33.0,45.0
1120.0,238.0,31.0,48.0
0.0,0.0,0.0,0.0
0.0,0.0,0.0,0.0
0.0,0.0,0.0,0.0
0.0,0.0,0.0,0.0
0.0,0.0,0.0,0.0
0.0,0.0,0.0,0.0
0.0,0.0,0.0,0.0
0.0,0.0,0.0,0.0
0.0,0.0,0.0,0.0
0.0,0.0,0.0,0.0
0.0,0.0,0.0,0.0
0.0,0.0,0.0,0.0
0.0,0.0,0.0,0.0
0.0,0.0,0.0,0.0
0.0,0.0,0.0,0.0
0.0,0.0,0.0,0.0
0.0,0.0,0.0,0.0
0.0,0.0,0.0,0.0
0.0,0.0,0.0,0.0
0.0,0.0,0.0,0.0
0.0,0.0,0.0,0.0
0.0,0.0,0.0,0.0
0.0,0.0,0.0,0.0
0.0,0.0,0.0,0.0
0.0,0.0,0.0,0.0
0.0,0.0,0.0,0.0
0.0,0.0,0.0,0.0
0.0,0.0,0.0,0.0
0.0,0.0,0.0,0.0
0.0,0.0,0.0,0.0
0.0,0.0,0.0,0.0
0.0,0.0,0.0,0.0
371.0,268.0,118.0,185.0
401.0,267.0,143.0,187.0
442.0,255.0,148.0,197.0
442.0,254.0,151.0,198.0
483.0,249.0,173.0,204.0
509.0,236.0,199.0,218.0
518.0,222.0,212.0,235.0
512.0,203.0,229.0,251.0
515.0,157.0,266.0,307.0
506.0,131.0,280.0,321.0
489.0,63.0,301.0,367.0
381.0,0.0,422.0,400.0
239.0,0.0,428.0,409.0
0.0,2.0,493.0,394.0
0.0,51.0,138.0,191.0
0.0,0.0,0.0,0.0
0.0,0.0,0.0,0.0
0.0,0.0,0.0,0.0
0.0,0.0,0.0,0.0
0.0,0.0,0.0,0.0
0.0,0.0,0.0,0.0
0.0,0.0,0.0,0.0
0.0,0.0,0.0,0.0
0.0,0.0,0.0,0.0
0.0,0.0,0.0,0.0
0.0,0.0,0.0,0.0
0.0,0.0,0.0,0.0
0.0,0.0,0.0,0.0
0.0,0.0,0.0,0.0
0.0,0.0,0.0,0.0
0.0,0.0,0.0,0.0
0.0,0.0,0.0,0.0
0.0,0.0,0.0,0.0
0.0,0.0,0.0,0.0
0.0,0.0,0.0,0.0
0.0,0.0,0.0,0.0
0.0,0.0,0.0,0.0
0.0,0.0,0.0,0.0
0.0,0.0,0.0,0.0
0.0,0.0,0.0,0.0
0.0,0.0,0.0,0.0
0.0,0.0,0.0,0.0
0.0,0.0,0.0,0.0
0.0,0.0,0.0,0.0
0.0,0.0,0.0,0.0
0.0,0.0,0.0,0.0
0.0,0.0,0.0,0.0
0.0,0.0,0.0,0.0
0.0,0.0,0.0,0.0
0.0,0.0,0.0,0.0
0.0,0.0,0.0,0.0
0.0,0.0,0.0,0.0
0.0,0.0,0.0,0.0
0.0,0.0,0.0,0.0
0.0,0.0,0.0,0.0
0.0,0.0,0.0,0.0
0.0,0.0,0.0,0.0
0.0,0.0,0.0,0.0
0.0,0.0,0.0,0.0
0.0,0.0,0.0,0.0
0.0,0.0,0.0,0.0
0.0,0.0,0.0,0.0
0.0,0.0,0.0,0.0
0.0,0.0,0.0,0.0
0.0,0.0,0.0,0.0
0.0,0.0,0.0,0.0
0.0,0.0,0.0,0.0
0.0,0.0,0.0,0.0
0.0,0.0,0.0,0.0
0.0,0.0,0.0,0.0
0.0,0.0,0.0,0.0
0.0,0.0,0.0,0.0
0.0,0.0,0.0,0.0
0.0,0.0,0.0,0.0
0.0,0.0,0.0,0.0
0.0,0.0,0.0,0.0
0.0,0.0,0.0,0.0
0.0,0.0,0.0,0.0
0.0,0.0,0.0,0.0
0.0,0.0,0.0,0.0
0.0,0.0,0.0,0.0
0.0,0.0,0.0,0.0
0.0,0.0,0.0,0.0
0.0,0.0,0.0,0.0
0.0,0.0,0.0,0.0
0.0,0.0,0.0,0.0
0.0,0.0,0.0,0.0
0.0,0.0,0.0,0.0
0.0,0.0,0.0,0.0
0.0,0.0,0.0,0.0
0.0,0.0,0.0,0.0
0.0,0.0,0.0,0.0
0.0,0.0,0.0,0.0
0.0,0.0,0.0,0.0
0.0,0.0,0.0,0.0
0.0,0.0,0.0,0.0
0.0,0.0,0.0,0.0
0.0,0.0,0.0,0.0
0.0,0.0,0.0,0.0
0.0,0.0,0.0,0.0
0.0,0.0,0.0,0.0
0.0,0.0,0.0,0.0
0.0,0.0,0.0,0.0
0.0,0.0,0.0,0.0
0.0,0.0,0.0,0.0
0.0,0.0,0.0,0.0
0.0,0.0,0.0,0.0
0.0,0.0,0.0,0.0
0.0,0.0,0.0,0.0
0.0,0.0,0.0,0.0
0.0,0.0,0.0,0.0
0.0,0.0,0.0,0.0
0.0,0.0,0.0,0.0
0.0,0.0,0.0,0.0
0.0,0.0,0.0,0.0
0.0,0.0,0.0,0.0
0.0,0.0,0.0,0.0
0.0,0.0,0.0,0.0
0.0,0.0,0.0,0.0
0.0,0.0,0.0,0.0
0.0,0.0,0.0,0.0
0.0,0.0,0.0,0.0
0.0,0.0,0.0,0.0
0.0,0.0,0.0,0.0
0.0,0.0,0.0,0.0
0.0,0.0,0.0,0.0
0.0,0.0,0.0,0.0
0.0,0.0,0.0,0.0
0.0,0.0,0.0,0.0
0.0,0.0,0.0,0.0
0.0,0.0,0.0,0.0
0.0,0.0,0.0,0.0
0.0,0.0,0.0,0.0
0.0,0.0,0.0,0.0
0.0,0.0,0.0,0.0
0.0,0.0,0.0,0.0
0.0,0.0,0.0,0.0
0.0,0.0,0.0,0.0
0.0,0.0,0.0,0.0
0.0,0.0,0.0,0.0
0.0,0.0,0.0,0.0
0.0,0.0,0.0,0.0
0.0,0.0,0.0,0.0
0.0,0.0,0.0,0.0
0.0,0.0,0.0,0.0
0.0,0.0,0.0,0.0
0.0,0.0,0.0,0.0
0.0,0.0,0.0,0.0
0.0,0.0,0.0,0.0
0.0,0.0,0.0,0.0
0.0,0.0,0.0,0.0
0.0,0.0,0.0,0.0
0.0,0.0,0.0,0.0
0.0,0.0,0.0,0.0
0.0,0.0,0.0,0.0
692.0,263.0,143.0,261.0
661.0,275.0,153.0,233.0
642.0,292.0,169.0,168.0
652.0,306.0,162.0,158.0
617.0,283.0,193.0,147.0
604.0,254.0,190.0,209.0
581.0,217.0,186.0,245.0
546.0,170.0,199.0,291.0
533.0,107.0,233.0,374.0
572.0,19.0,260.0,435.0
629.0,0.0,318.0,513.0
621.0,0.0,413.0,480.0
622.0,0.0,412.0,480.0
614.0,89.0,397.0,443.0
793.0,101.0,259.0,434.0
727.0,0.0,386.0,471.0
807.0,223.0,184.0,267.0
808.0,264.0,183.0,227.0
746.0,291.0,144.0,165.0
701.0,301.0,158.0,159.0
659.0,302.0,161.0,159.0
606.0,301.0,163.0,161.0
558.0,319.0,156.0,141.0
519.0,338.0,154.0,122.0
482.0,358.0,157.0,100.0
466.0,350.0,145.0,105.0
455.0,355.0,145.0,104.0
443.0,353.0,136.0,92.0
399.0,343.0,81.0,100.0
377.0,349.0,151.0,107.0
360.0,347.0,180.0,99.0
342.0,353.0,185.0,95.0
330.0,359.0,201.0,95.0
320.0,361.0,218.0,100.0
310.0,363.0,191.0,94.0
310.0,363.0,191.0,95.0
303.0,367.0,195.0,92.0
303.0,369.0,177.0,87.0
308.0,323.0,202.0,128.0
324.0,316.0,208.0,135.0
346.0,317.0,195.0,129.0
357.0,353.0,181.0,79.0
372.0,327.0,161.0,109.0
398.0,318.0,163.0,143.0
419.0,316.0,180.0,149.0
443.0,302.0,180.0,161.0
467.0,292.0,172.0,174.0
500.0,286.0,161.0,178.0
545.0,269.0,144.0,201.0
562.0,256.0,127.0,184.0
582.0,260.0,131.0,203.0
607.0,269.0,145.0,192.0
661.0,302.0,142.0,149.0
696.0,324.0,143.0,123.0
740.0,346.0,120.0,105.0
772.0,358.0,107.0,91.0
797.0,360.0,115.0,93.0
808.0,361.0,131.0,92.0
823.0,367.0,110.0,75.0
822.0,368.0,111.0,74.0
822.0,364.0,119.0,96.0
829.0,355.0,128.0,98.0
821.0,358.0,128.0,124.0
810.0,350.0,128.0,95.0
785.0,318.0,153.0,129.0
772.0,269.0,153.0,224.0
727.0,217.0,141.0,192.0
690.0,181.0,152.0,240.0
666.0,123.0,166.0,291.0
661.0,161.0,172.0,287.0
687.0,204.0,141.0,333.0
665.0,187.0,153.0,347.0
647.0,202.0,171.0,233.0
645.0,222.0,183.0,199.0
612.0,243.0,118.0,294.0
611.0,244.0,112.0,292.0
595.0,252.0,118.0,285.0
593.0,326.0,102.0,211.0
566.0,292.0,127.0,245.0
563.0,290.0,136.0,246.0
555.0,304.0,147.0,230.0
539.0,262.0,150.0,271.0
536.0,300.0,154.0,234.0
539.0,329.0,119.0,208.0
536.0,465.0,112.0,72.0
525.0,462.0,122.0,75.0
516.0,156.0,132.0,374.0
512.0,149.0,231.0,362.0
504.0,145.0,205.0,390.0
490.0,138.0,298.0,398.0
477.0,136.0,341.0,401.0
473.0,134.0,209.0,403.0
467.0,130.0,212.0,405.0
464.0,125.0,365.0,411.0
461.0,118.0,201.0,415.0
457.0,111.0,202.0,413.0
456.0,105.0,262.0,432.0
456.0,101.0,194.0,425.0
457.0,96.0,189.0,360.0
459.0,92.0,187.0,364.0
467.0,83.0,179.0,369.0
471.0,79.0,176.0,359.0
477.0,76.0,172.0,365.0
483.0,72.0,168.0,377.0
486.0,69.0,167.0,363.0
489.0,67.0,167.0,368.0
489.0,67.0,167.0,368.0
492.0,64.0,166.0,370.0
495.0,64.0,166.0,370.0
497.0,63.0,166.0,379.0
500.0,63.0,164.0,375.0
502.0,68.0,160.0,369.0
505.0,94.0,161.0,362.0
511.0,142.0,156.0,315.0
485.0,219.0,185.0,236.0
540.0,329.0,111.0,128.0
0.0,0.0,0.0,0.0
0.0,0.0,0.0,0.0
0.0,0.0,0.0,0.0
0.0,0.0,0.0,0.0
0.0,0.0,0.0,0.0
0.0,0.0,0.0,0.0
0.0,0.0,0.0,0.0
0.0,0.0,0.0,0.0
0.0,0.0,0.0,0.0
0.0,0.0,0.0,0.0
0.0,0.0,0.0,0.0
0.0,0.0,0.0,0.0
0.0,0.0,0.0,0.0
0.0,0.0,0.0,0.0
0.0,0.0,0.0,0.0
0.0,0.0,0.0,0.0
0.0,0.0,0.0,0.0
0.0,0.0,0.0,0.0
0.0,0.0,0.0,0.0
0.0,0.0,0.0,0.0
0.0,0.0,0.0,0.0
0.0,0.0,0.0,0.0
0.0,0.0,0.0,0.0
0.0,0.0,0.0,0.0
0.0,0.0,0.0,0.0
0.0,0.0,0.0,0.0
0.0,0.0,0.0,0.0
0.0,0.0,0.0,0.0
0.0,0.0,0.0,0.0
0.0,0.0,0.0,0.0
0.0,0.0,0.0,0.0
0.0,0.0,0.0,0.0
0.0,0.0,0.0,0.0
0.0,0.0,0.0,0.0
0.0,0.0,0.0,0.0
0.0,0.0,0.0,0.0
0.0,0.0,0.0,0.0
0.0,0.0,0.0,0.0
0.0,0.0,0.0,0.0
0.0,0.0,0.0,0.0
0.0,0.0,0.0,0.0
0.0,0.0,0.0,0.0
0.0,0.0,0.0,0.0
0.0,0.0,0.0,0.0
0.0,0.0,0.0,0.0
0.0,0.0,0.0,0.0
0.0,0.0,0.0,0.0
0.0,0.0,0.0,0.0
0.0,0.0,0.0,0.0
0.0,0.0,0.0,0.0
0.0,0.0,0.0,0.0
0.0,0.0,0.0,0.0
0.0,0.0,0.0,0.0
0.0,0.0,0.0,0.0
0.0,0.0,0.0,0.0
0.0,0.0,0.0,0.0
0.0,0.0,0.0,0.0
0.0,0.0,0.0,0.0
0.0,0.0,0.0,0.0
0.0,0.0,0.0,0.0
0.0,0.0,0.0,0.0
0.0,0.0,0.0,0.0
0.0,0.0,0.0,0.0
0.0,0.0,0.0,0.0
0.0,0.0,0.0,0.0
0.0,0.0,0.0,0.0
0.0,0.0,0.0,0.0
0.0,0.0,0.0,0.0
0.0,0.0,0.0,0.0
0.0,0.0,0.0,0.0
0.0,0.0,0.0,0.0
0.0,0.0,0.0,0.0
0.0,0.0,0.0,0.0
0.0,0.0,0.0,0.0
0.0,0.0,0.0,0.0
0.0,0.0,0.0,0.0
0.0,0.0,0.0,0.0
0.0,0.0,0.0,0.0
0.0,0.0,0.0,0.0
0.0,0.0,0.0,0.0
0.0,0.0,0.0,0.0
0.0,0.0,0.0,0.0
0.0,0.0,0.0,0.0
0.0,0.0,0.0,0.0
0.0,0.0,0.0,0.0
0.0,0.0,0.0,0.0
0.0,0.0,0.0,0.0
0.0,0.0,0.0,0.0
0.0,0.0,0.0,0.0
0.0,0.0,0.0,0.0
0.0,0.0,0.0,0.0
0.0,0.0,0.0,0.0
0.0,0.0,0.0,0.0
0.0,0.0,0.0,0.0
0.0,0.0,0.0,0.0
0.0,0.0,0.0,0.0
0.0,0.0,0.0,0.0
0.0,0.0,0.0,0.0
0.0,0.0,0.0,0.0
0.0,0.0,0.0,0.0
0.0,0.0,0.0,0.0
0.0,0.0,0.0,0.0
0.0,0.0,0.0,0.0
0.0,0.0,0.0,0.0
0.0,0.0,0.0,0.0
0.0,0.0,0.0,0.0
0.0,0.0,0.0,0.0
0.0,0.0,0.0,0.0
0.0,0.0,0.0,0.0
0.0,0.0,0.0,0.0
0.0,0.0,0.0,0.0
0.0,0.0,0.0,0.0
0.0,0.0,0.0,0.0
0.0,0.0,0.0,0.0
0.0,0.0,0.0,0.0
0.0,0.0,0.0,0.0
0.0,0.0,0.0,0.0
0.0,0.0,0.0,0.0
0.0,0.0,0.0,0.0
0.0,0.0,0.0,0.0
0.0,0.0,0.0,0.0
0.0,0.0,0.0,0.0
0.0,0.0,0.0,0.0
0.0,0.0,0.0,0.0
0.0,0.0,0.0,0.0
0.0,0.0,0.0,0.0
0.0,0.0,0.0,0.0
0.0,0.0,0.0,0.0
0.0,0.0,0.0,0.0
0.0,0.0,0.0,0.0
0.0,0.0,0.0,0.0
0.0,0.0,0.0,0.0
0.0,0.0,0.0,0.0
0.0,0.0,0.0,0.0
0.0,0.0,0.0,0.0
0.0,0.0,0.0,0.0
0.0,0.0,0.0,0.0
0.0,0.0,0.0,0.0
0.0,0.0,0.0,0.0
0.0,0.0,0.0,0.0
0.0,0.0,0.0,0.0
0.0,0.0,0.0,0.0
0.0,0.0,0.0,0.0
0.0,0.0,0.0,0.0
