0.027693510055541992
0.018751859664916992
0.06465840339660645
0.07249283790588379
0.08160781860351562
0.08947587013244629
0.09759068489074707
0.10649657249450684
0.11453866958618164
0.11428713798522949
0.11591649055480957
0.11346888542175293
0.11366939544677734
0.11461687088012695
0.11445975303649902
0.11405706405639648
0.11534523963928223
0.12942934036254883
0.10942530632019043
0.11547994613647461
0.11467957496643066
0.11442089080810547
0.11581206321716309
0.11554741859436035
0.11523246765136719
0.11449599266052246
0.11508798599243164
0.12485337257385254
0.11364459991455078
0.11614632606506348
0.11473870277404785
0.11423254013061523
0.11542892456054688
0.11574935913085938
0.11506342887878418
0.11444950103759766
0.11584973335266113
0.11492562294006348
0.11526298522949219
0.11495161056518555
0.11561274528503418
0.11577010154724121
0.11568570137023926
0.11488533020019531
0.11636757850646973
0.114471435546875
0.1160271167755127
0.11647558212280273
0.11580634117126465
0.11382937431335449
0.11684870719909668
0.11580944061279297
0.11570453643798828
0.11461472511291504
0.11614060401916504
0.11593842506408691
0.11663460731506348
0.1145486831665039
0.11648917198181152
0.11547565460205078
0.1169443130493164
0.11504387855529785
0.11634516716003418
0.11500382423400879
0.11666154861450195
0.11586761474609375
0.11889338493347168
0.11615562438964844
0.11417865753173828
0.11499953269958496
0.11712813377380371
0.11624979972839355
0.11593294143676758
0.11632919311523438
0.11511707305908203
0.11565637588500977
0.11655831336975098
0.11467504501342773
0.11603379249572754
0.11563634872436523
0.11650776863098145
0.11544132232666016
0.1169588565826416
0.11453723907470703
0.11736536026000977
0.11511731147766113
0.11655235290527344
0.11524724960327148
0.11710190773010254
0.11607503890991211
0.1178593635559082
0.11716938018798828
0.11751341819763184
0.11541628837585449
0.11687994003295898
0.11607623100280762
0.11812376976013184
0.11757397651672363
0.11646485328674316
0.11779308319091797
0.11685657501220703
0.11536765098571777
0.11736941337585449
0.11707830429077148
0.11791300773620605
0.11652088165283203
0.1170344352722168
0.1163170337677002
0.11728310585021973
0.11661243438720703
0.1185004711151123
0.11665725708007812
0.11787033081054688
0.11624765396118164
0.11705279350280762
0.11671257019042969
0.1200556755065918
0.11462903022766113
0.11781167984008789
0.1168978214263916
0.11702537536621094
0.11776328086853027
0.11708688735961914
0.1164693832397461
0.11783146858215332
0.11732721328735352
0.11704897880554199
0.11696553230285645
0.11734223365783691
0.11631298065185547
0.11827588081359863
0.11749935150146484
0.11841440200805664
0.11701226234436035
0.11915755271911621
0.11703705787658691
0.11844658851623535
0.11582589149475098
0.11814475059509277
0.11863994598388672
0.11792302131652832
0.11677217483520508
0.12093615531921387
0.11717057228088379
0.11853504180908203
0.11718511581420898
0.1189432144165039
0.1160423755645752
0.1180117130279541
0.11757397651672363
0.11850309371948242
0.1180424690246582
0.11873102188110352
0.1170506477355957
0.11887812614440918
0.11783313751220703
0.11988043785095215
0.11458826065063477
0.11873126029968262
0.11741042137145996
0.11788725852966309
0.11727452278137207
0.11907649040222168
0.11854767799377441
0.12012648582458496
0.11579203605651855
0.1245126724243164
0.11797618865966797
0.11755156517028809
0.11700224876403809
0.1197969913482666
0.12069272994995117
0.12280774116516113
0.13609600067138672
0.1042482852935791
0.11834311485290527
0.11786222457885742
0.1168220043182373
0.11969876289367676
0.11642122268676758
0.11896491050720215
0.1173090934753418
0.12096762657165527
0.11751604080200195
0.11819601058959961
0.11715102195739746
0.11832785606384277
0.11759448051452637
0.1259016990661621
0.12054252624511719
0.12564969062805176
0.13402128219604492
0.11298751831054688
0.12111473083496094
0.12331867218017578
0.12156510353088379
0.13425588607788086
0.1190652847290039
0.12380099296569824
0.11267709732055664
0.12343287467956543
0.12176227569580078
0.12331104278564453
0.11980223655700684
0.13161778450012207
0.12359619140625
0.11229205131530762
0.1210782527923584
0.1244497299194336
0.12231802940368652
0.12178301811218262
0.12073945999145508
0.12188005447387695
0.12183451652526855
0.13257670402526855
0.10848498344421387
0.11888647079467773
0.12438678741455078
0.1344897747039795
0.11392879486083984
0.13497138023376465
0.11362648010253906
0.1393423080444336
0.12195992469787598
0.11616992950439453
0.13183379173278809
0.1195375919342041
0.12127113342285156
0.11777806282043457
0.11748909950256348
0.1193089485168457
0.11860466003417969
0.11959123611450195
0.11802554130554199
0.11997365951538086
0.12019896507263184
0.11796212196350098
0.11812305450439453
0.11912083625793457
0.1183321475982666
0.11928558349609375
0.1185307502746582
0.11864018440246582
0.11798214912414551
0.11937522888183594
0.11772775650024414
0.11916446685791016
0.11885380744934082
0.11952948570251465
0.11829113960266113
0.12088513374328613
0.11907100677490234
0.11960697174072266
0.12005352973937988
0.11882710456848145
0.1186833381652832
0.12026667594909668
0.11863970756530762
0.11961054801940918
0.11905384063720703
0.11927270889282227
0.1182565689086914
0.11882591247558594
0.11872506141662598
0.11993837356567383
0.11757898330688477
0.11928820610046387
0.11893749237060547
0.11942362785339355
0.1191413402557373
0.12004494667053223
0.12053799629211426
0.11836552619934082
0.11809515953063965
0.11944723129272461
0.11925578117370605
0.11975741386413574
0.11891031265258789
0.11970067024230957
0.11858749389648438
0.12063431739807129
0.11835145950317383
0.11997342109680176
0.11981463432312012
0.11946749687194824
0.1231839656829834
0.11493730545043945
0.11873269081115723
0.12128686904907227
0.11788010597229004
0.11951160430908203
0.11813998222351074
0.11985492706298828
0.11878132820129395
0.11951589584350586
0.1200246810913086
0.1188802719116211
0.13496613502502441
0.10829854011535645
0.11846041679382324
0.11942100524902344
0.11868453025817871
0.1191709041595459
0.12009716033935547
0.11981368064880371
0.11896467208862305
0.1204080581665039
0.11927580833435059
0.12025809288024902
0.11896491050720215
0.12006139755249023
0.11884403228759766
0.12612223625183105
0.11448550224304199
0.11901736259460449
0.1187283992767334
0.12129330635070801
0.11803293228149414
0.12047553062438965
0.11929726600646973
0.12058687210083008
0.11955904960632324
0.12015986442565918
0.1196296215057373
0.1204836368560791
0.12028670310974121
0.1200106143951416
0.1193695068359375
0.12089800834655762
0.11915969848632812
0.12183451652526855
0.11977458000183105
0.11984682083129883
0.12155628204345703
0.11756515502929688
0.11958146095275879
0.12102699279785156
0.11899280548095703
0.12133955955505371
0.11973190307617188
0.12071561813354492
0.12021899223327637
0.12041616439819336
0.11967301368713379
0.12056827545166016
0.11859130859375
0.12224340438842773
0.11966085433959961
0.12220358848571777
0.11895895004272461
0.1308913230895996
0.11829781532287598
0.13113188743591309
0.12264299392700195
0.11771416664123535
0.13687658309936523
0.11489510536193848
0.11829614639282227
0.12077760696411133
0.12022638320922852
0.12094807624816895
0.11935615539550781
0.12115240097045898
0.12041521072387695
0.12135076522827148
0.11910820007324219
0.12375044822692871
0.12349200248718262
0.13701081275939941
0.12484908103942871
0.11354851722717285
0.12360024452209473
0.12416744232177734
0.1281602382659912
0.12325000762939453
0.12379336357116699
0.1311647891998291
0.1263444423675537
0.11476254463195801
0.12495136260986328
0.12978768348693848
0.11679673194885254
0.12151670455932617
0.12746357917785645
0.1260213851928711
0.1326451301574707
0.11887812614440918
0.11890316009521484
0.12106204032897949
0.11997604370117188
0.1215522289276123
0.12057065963745117
0.12046241760253906
0.1203470230102539
0.12085890769958496
0.12076544761657715
0.12096571922302246
0.11948084831237793
0.12124443054199219
0.12049198150634766
0.12186551094055176
0.12345719337463379
0.11948990821838379
0.11949944496154785
0.12147760391235352
0.11925601959228516
0.12055349349975586
0.1206655502319336
0.1269829273223877
0.11880660057067871
0.12141084671020508
0.12004590034484863
0.12598156929016113
0.11548638343811035
0.12112712860107422
0.1222691535949707
0.12086176872253418
0.11984515190124512
0.12185049057006836
0.11953020095825195
0.12086272239685059
0.12004613876342773
0.1204216480255127
0.12009119987487793
0.1210012435913086
0.11963748931884766
0.12057137489318848
0.12092018127441406
0.1246497631072998
0.12043261528015137
0.12111997604370117
0.12015199661254883
0.1211090087890625
0.1199181079864502
0.12145256996154785
0.12064075469970703
0.1232457160949707
0.11892056465148926
0.12541890144348145
0.12274050712585449
0.12052249908447266
0.11958670616149902
0.1273043155670166
0.1195368766784668
0.1402587890625
0.1064453125
0.12056922912597656
0.1203453540802002
0.12253570556640625
0.13564014434814453
0.11421322822570801
0.12012267112731934
0.12124204635620117
0.12008142471313477
0.12187457084655762
0.12083220481872559
0.12110042572021484
0.12090682983398438
0.12072539329528809
0.12045669555664062
0.12117767333984375
0.13417649269104004
0.11330008506774902
0.1205132007598877
0.12133979797363281
0.12450575828552246
0.12701916694641113
0.12056779861450195
0.12080740928649902
0.12616539001464844
0.11498165130615234
0.11999249458312988
0.1209402084350586
0.11947751045227051
0.1363844871520996
0.1156454086303711
0.12676000595092773
0.14067792892456055
0.11317729949951172
0.12399482727050781
0.1256711483001709
0.12303900718688965
0.13494634628295898
0.11501121520996094
0.12455439567565918
0.1226050853729248
0.13053464889526367
0.12336993217468262
0.12954425811767578
0.13558077812194824
0.11304259300231934
0.138230562210083
0.1170501708984375
0.13909292221069336
0.10815191268920898
0.12025213241577148
0.12111806869506836
0.12098169326782227
0.12078189849853516
0.1201934814453125
0.12137842178344727
0.11985921859741211
0.12161636352539062
0.1204841136932373
0.12206315994262695
0.12035965919494629
0.12168526649475098
0.12475848197937012
0.12120366096496582
0.11964225769042969
0.12192392349243164
0.12038230895996094
0.12267565727233887
0.12035775184631348
0.12001633644104004
0.11994385719299316
0.12236666679382324
0.11945438385009766
0.1212766170501709
0.12079048156738281
0.12121748924255371
0.11980724334716797
0.12186479568481445
0.1262216567993164
0.12760639190673828
0.12214899063110352
0.12250161170959473
0.12070488929748535
0.12186646461486816
0.12049627304077148
0.1235666275024414
0.13993144035339355
0.1135249137878418
0.11828351020812988
0.12155008316040039
0.12154722213745117
0.12162280082702637
0.12057209014892578
0.12221240997314453
0.12131929397583008
0.12140703201293945
0.12033629417419434
0.12259435653686523
0.12250494956970215
0.12113165855407715
0.12482166290283203
0.12061524391174316
0.12060546875
0.12341737747192383
0.1184377670288086
0.1337268352508545
0.11169743537902832
0.12078619003295898
0.11893510818481445
0.12082386016845703
0.12061524391174316
0.12475943565368652
0.13550996780395508
0.11394762992858887
0.13224244117736816
0.11930060386657715
0.1180579662322998
0.12046003341674805
0.12016439437866211
0.12113428115844727
0.12116646766662598
0.12032890319824219
0.12622952461242676
0.12020182609558105
0.13065481185913086
0.12076354026794434
0.13762927055358887
0.11256694793701172
0.12282776832580566
0.12111353874206543
0.11990880966186523
0.13671278953552246
0.11199498176574707
0.12459015846252441
0.13471770286560059
0.11592268943786621
0.12270474433898926
0.13461995124816895
0.11537790298461914
0.13187265396118164
0.11635088920593262
0.12496256828308105
0.11963868141174316
0.12574458122253418
0.13296127319335938
0.12773966789245605
0.11368560791015625
0.12610197067260742
0.12000060081481934
0.12053990364074707
0.12029719352722168
0.1287386417388916
0.12522006034851074
0.12533044815063477
0.12561321258544922
0.12016892433166504
0.11971378326416016
0.1205446720123291
0.11997866630554199
0.12130260467529297
0.12051701545715332
0.12063193321228027
0.11888957023620605
0.12116265296936035
0.11904525756835938
0.12071824073791504
0.12038850784301758
0.12178492546081543
0.11968040466308594
0.12170243263244629
0.12063741683959961
0.12174057960510254
0.12082505226135254
0.12123441696166992
0.1203148365020752
0.1212015151977539
0.12007904052734375
0.12101459503173828
0.12212014198303223
0.12138724327087402
0.11893248558044434
0.12114357948303223
0.12042117118835449
0.12610554695129395
0.11964225769042969
0.12218642234802246
0.12025642395019531
0.12142562866210938
0.12020468711853027
0.12107729911804199
0.12062621116638184
0.12649083137512207
0.12043070793151855
0.12062954902648926
0.12038850784301758
0.12724947929382324
0.12147188186645508
0.12723040580749512
0.11932182312011719
0.12095999717712402
0.12004232406616211
0.12165379524230957
0.12044119834899902
0.12713050842285156
0.12326598167419434
0.1206059455871582
0.12496161460876465
0.12131261825561523
0.12014532089233398
0.12142086029052734
0.12120938301086426
0.12101984024047852
0.12030410766601562
0.12255215644836426
0.12002754211425781
0.1263258457183838
0.12042427062988281
0.12155437469482422
0.12042355537414551
0.12234973907470703
0.1195976734161377
0.12145614624023438
0.12055444717407227
0.12168240547180176
0.1198575496673584
0.12112641334533691
0.12061834335327148
0.1215810775756836
0.12079811096191406
0.12049174308776855
0.12024259567260742
0.1226034164428711
0.11893439292907715
0.12027287483215332
0.12075686454772949
0.12220931053161621
0.1200106143951416
0.12180876731872559
0.12098193168640137
0.12165427207946777
0.12035822868347168
0.12151694297790527
0.12049102783203125
0.12135839462280273
0.11996722221374512
0.12164497375488281
0.12034869194030762
0.12160158157348633
0.1201624870300293
0.1221308708190918
0.12120938301086426
0.12010693550109863
0.11975455284118652
0.1210184097290039
0.12131834030151367
0.12205266952514648
0.12087488174438477
0.1222679615020752
0.12009191513061523
0.12169122695922852
0.12020039558410645
0.12234354019165039
0.1207432746887207
0.12164998054504395
0.12007689476013184
0.12104201316833496
0.12128806114196777
0.12363457679748535
0.11796236038208008
0.12082028388977051
0.12016582489013672
0.12067198753356934
0.12019491195678711
0.12228798866271973
0.12135124206542969
0.12139320373535156
0.12036466598510742
0.12169313430786133
0.12083244323730469
0.12179398536682129
0.11986732482910156
0.1208658218383789
0.1212303638458252
0.1231839656829834
0.121917724609375
0.12136960029602051
0.12166118621826172
0.12170100212097168
0.12167525291442871
0.12212252616882324
0.12252163887023926
0.12371277809143066
0.1195220947265625
0.12190747261047363
0.12188053131103516
0.12240839004516602
0.12029147148132324
0.12186026573181152
0.12164497375488281
0.12288665771484375
0.12066888809204102
0.12287640571594238
0.12176847457885742
0.12309026718139648
0.12085938453674316
0.12226676940917969
0.12123322486877441
0.12275838851928711
0.12280988693237305
0.12144041061401367
0.12141847610473633
0.12318587303161621
0.12100505828857422
0.12230253219604492
0.12153983116149902
0.12266087532043457
0.12027525901794434
0.1220698356628418
0.12208843231201172
0.12234663963317871
0.12154102325439453
0.12291359901428223
0.12161898612976074
0.12277841567993164
0.12149310111999512
0.12397074699401855
0.12240242958068848
0.12111234664916992
0.1214609146118164
0.12216639518737793
0.12187743186950684
0.12294268608093262
0.12229275703430176
0.12229275703430176
0.1218421459197998
0.12204718589782715
0.12099194526672363
0.12219929695129395
0.12189173698425293
0.12256574630737305
0.1212153434753418
0.12308883666992188
0.1215665340423584
0.12592744827270508
0.11979818344116211
0.12152886390686035
0.12163734436035156
0.12393069267272949
0.12103271484375
0.12331223487854004
0.1215517520904541
0.12247800827026367
0.12179064750671387
0.1232004165649414
0.12250494956970215
0.12325787544250488
0.12149691581726074
0.12357711791992188
0.12254166603088379
0.1226036548614502
0.12313079833984375
0.12200784683227539
0.12162375450134277
0.12337040901184082
0.12101006507873535
0.12332272529602051
0.12147092819213867
0.12204980850219727
0.120941162109375
0.1222994327545166
0.12127470970153809
0.12233996391296387
0.1205141544342041
0.12216997146606445
0.12394475936889648
0.11911559104919434
0.12094354629516602
0.12192296981811523
0.1233665943145752
0.12106513977050781
0.12006497383117676
0.12195706367492676
0.12060689926147461
0.1222391128540039
0.1208031177520752
0.12332439422607422
0.12282371520996094
0.12273430824279785
0.12096381187438965
0.12308597564697266
0.12157702445983887
0.12294530868530273
0.12053346633911133
0.12208700180053711
0.12226271629333496
0.12333416938781738
0.12406730651855469
0.12080955505371094
0.12165546417236328
0.12297606468200684
0.12033772468566895
0.12597870826721191
0.11946535110473633
0.12272095680236816
0.12151145935058594
0.12279891967773438
0.1219930648803711
0.12309956550598145
0.12100863456726074
0.12290096282958984
0.1220855712890625
0.12315583229064941
0.12199974060058594
0.12545490264892578
0.12156200408935547
0.1215813159942627
0.1208028793334961
0.12228822708129883
0.12179398536682129
0.12307190895080566
0.12111639976501465
0.12269830703735352
0.12270116806030273
0.12259030342102051
0.1224822998046875
0.12163043022155762
0.12148761749267578
0.12265539169311523
0.12106823921203613
0.12281179428100586
0.12267374992370605
0.12495970726013184
0.11968398094177246
0.1225290298461914
0.12176084518432617
0.12264633178710938
0.12130951881408691
0.12469005584716797
0.12136101722717285
0.1229405403137207
0.12234926223754883
0.12253451347351074
0.12178993225097656
0.12226581573486328
0.12091207504272461
0.12297773361206055
0.1219336986541748
0.12320685386657715
0.12191104888916016
0.1232764720916748
0.12130594253540039
0.12287783622741699
0.12117362022399902
0.12245321273803711
0.12460899353027344
0.12322783470153809
0.1236414909362793
0.11986613273620605
0.12223219871520996
0.12291407585144043
0.1261155605316162
0.11806058883666992
0.1235198974609375
0.12232446670532227
0.12082147598266602
0.1227102279663086
0.12172961235046387
0.1234743595123291
0.12159609794616699
0.12197661399841309
0.12190771102905273
0.1233217716217041
0.12270379066467285
0.12202072143554688
0.12157630920410156
0.12228035926818848
0.12087321281433105
0.12316703796386719
0.12226033210754395
0.12398600578308105
0.12242865562438965
0.12320542335510254
0.12256121635437012
0.12277626991271973
0.1210019588470459
0.12338972091674805
0.12122178077697754
0.1239466667175293
0.12072944641113281
0.12455201148986816
0.12171030044555664
0.1228494644165039
0.12121081352233887
0.1219334602355957
0.12225627899169922
0.1236567497253418
0.12218713760375977
0.12378597259521484
0.12227940559387207
0.12383103370666504
0.12143754959106445
0.12309956550598145
0.12238621711730957
0.12351131439208984
0.1223604679107666
0.12789368629455566
0.1214449405670166
0.12433648109436035
0.12073540687561035
0.12295389175415039
0.12259864807128906
0.12277865409851074
0.12120175361633301
0.12265467643737793
0.12153244018554688
0.12272977828979492
0.12128639221191406
0.12282586097717285
0.12174463272094727
0.12350583076477051
0.12091779708862305
0.12243986129760742
0.12161779403686523
0.12341976165771484
0.12218952178955078
0.19736242294311523
0.08270883560180664
0.12214255332946777
0.12199568748474121
0.12293243408203125
0.12249517440795898
0.12316513061523438
0.12111568450927734
0.1231987476348877
0.12143492698669434
0.12530994415283203
0.12170910835266113
0.12279844284057617
0.12209749221801758
0.12290692329406738
0.12120509147644043
0.12312483787536621
0.12139105796813965
0.12372946739196777
0.12186193466186523
0.12262129783630371
0.12252259254455566
0.1226654052734375
0.1207122802734375
0.12299585342407227
0.12125420570373535
0.12255191802978516
0.12171721458435059
0.1224362850189209
0.12272834777832031
0.12302470207214355
0.1262071132659912
0.11781120300292969
0.12177205085754395
0.12285995483398438
0.12148642539978027
0.12295031547546387
0.12180566787719727
0.12308669090270996
0.12107276916503906
0.12282514572143555
0.1214749813079834
0.12277913093566895
0.12175107002258301
0.12357664108276367
0.12210631370544434
0.12366008758544922
0.12114119529724121
0.12288427352905273
0.12231802940368652
0.12286663055419922
0.12197327613830566
0.1238553524017334
0.12125825881958008
0.12318611145019531
0.1215505599975586
0.12417125701904297
0.1218101978302002
0.1236259937286377
0.12288427352905273
0.12385725975036621
0.12247610092163086
0.12296915054321289
0.1211848258972168
0.12331223487854004
0.12229704856872559
0.12362217903137207
0.12094449996948242
0.12369680404663086
0.12183570861816406
0.12313508987426758
0.12121701240539551
0.12336874008178711
0.12141966819763184
0.12472081184387207
0.12252140045166016
0.12344741821289062
0.12150764465332031
0.12363147735595703
0.1220102310180664
0.12333059310913086
0.12235498428344727
0.12316370010375977
0.12230253219604492
0.12349987030029297
0.12189888954162598
0.12351703643798828
0.12127923965454102
0.12275218963623047
0.12214922904968262
0.12349939346313477
0.12162160873413086
0.12317895889282227
0.12429594993591309
0.12261581420898438
0.1213078498840332
0.12342429161071777
0.12214517593383789
0.12378120422363281
0.12234163284301758
0.12334012985229492
0.12243533134460449
0.1229238510131836
0.1217951774597168
0.12336993217468262
0.12699246406555176
0.12288808822631836
0.12512564659118652
0.12705707550048828
0.12607240676879883
0.12707781791687012
0.1264052391052246
0.12602972984313965
0.12506604194641113
0.127549409866333
0.12534427642822266
0.12597346305847168
0.1257801055908203
0.125931978225708
0.12552142143249512
0.12533259391784668
0.12504839897155762
0.1256551742553711
0.12462329864501953
0.12474560737609863
0.12422871589660645
0.12601161003112793
0.12642264366149902
0.12472105026245117
0.12982392311096191
0.12485527992248535
0.12305188179016113
0.12512421607971191
0.12466883659362793
0.12497401237487793
0.12414360046386719
0.1258537769317627
0.12464380264282227
0.12484240531921387
0.12378978729248047
0.12484884262084961
0.12438416481018066
0.12459301948547363
0.12322521209716797
0.12656712532043457
0.12439608573913574
0.12471628189086914
0.1238715648651123
0.12518978118896484
0.12497258186340332
0.127180814743042
0.1251978874206543
0.1271650791168213
0.12624597549438477
0.1312727928161621
0.12099790573120117
0.1260213851928711
0.12597966194152832
0.12635493278503418
0.12562823295593262
0.1275014877319336
0.1273508071899414
0.12711024284362793
0.12450194358825684
0.1263413429260254
0.12654972076416016
0.12707924842834473
0.1247715950012207
0.1275794506072998
0.12614226341247559
0.12679457664489746
0.12564396858215332
0.1281893253326416
0.12515640258789062
0.12710261344909668
0.12621402740478516
0.1278517246246338
0.12583565711975098
0.1294267177581787
0.12944936752319336
0.1266036033630371
0.12552642822265625
0.12637686729431152
0.12555599212646484
0.12768006324768066
0.12472796440124512
0.12716317176818848
0.1251819133758545
0.1268939971923828
0.12639784812927246
0.12679266929626465
0.1261298656463623
0.12674975395202637
0.12597060203552246
0.12652802467346191
0.12744903564453125
0.12625670433044434
0.1258680820465088
0.1270453929901123
0.12585735321044922
0.12732195854187012
0.12758541107177734
0.12680292129516602
0.12487983703613281
0.12711572647094727
0.12640094757080078
0.12694382667541504
0.12516140937805176
0.13362360000610352
0.1245875358581543
0.12599682807922363
0.12497091293334961
0.12702465057373047
0.12520265579223633
0.12613487243652344
0.12528038024902344
0.12622570991516113
0.12578320503234863
0.12827658653259277
0.12312150001525879
0.12520098686218262
0.12629222869873047
0.12557411193847656
0.12517595291137695
0.1266186237335205
0.1251993179321289
0.12568902969360352
0.12485289573669434
0.12654328346252441
0.12542366981506348
0.12677359580993652
0.12555980682373047
0.12646031379699707
0.12622642517089844
0.1260983943939209
0.12847089767456055
0.12381291389465332
0.12551403045654297
0.12618064880371094
0.12459039688110352
0.12628817558288574
0.12617063522338867
0.12635135650634766
0.12470030784606934
0.1265251636505127
0.1253957748413086
0.12593388557434082
0.12483453750610352
0.12627506256103516
0.12596535682678223
0.12669086456298828
0.12551188468933105
0.1291491985321045
0.12405204772949219
0.12621688842773438
0.12493443489074707
0.12793540954589844
0.1269068717956543
0.12608122825622559
0.12510204315185547
0.12643837928771973
0.1260361671447754
0.12677383422851562
0.12538957595825195
0.12691736221313477
0.1262204647064209
0.12724876403808594
0.12563228607177734
0.1267547607421875
0.1284027099609375
0.12607812881469727
0.12430620193481445
0.12684965133666992
0.12584614753723145
0.12665104866027832
0.12493038177490234
0.12647151947021484
0.1251509189605713
0.12655878067016602
0.12549400329589844
0.12759137153625488
0.1253986358642578
0.12932944297790527
0.12404847145080566
0.12616896629333496
0.12573575973510742
0.12898683547973633
0.12500572204589844
0.12580442428588867
0.12579083442687988
0.1270303726196289
0.1253345012664795
0.12623357772827148
0.12528252601623535
0.12685251235961914
0.12542128562927246
0.12682461738586426
0.1253981590270996
0.12762212753295898
0.12673449516296387
0.12579941749572754
0.1257936954498291
0.12726831436157227
0.12749719619750977
0.12525486946105957
0.12561368942260742
0.1270287036895752
0.12460875511169434
0.12775206565856934
0.12404370307922363
0.1265559196472168
0.12497901916503906
0.126786470413208
0.12503337860107422
0.12668108940124512
0.12478327751159668
0.12665486335754395
0.12461161613464355
0.1269512176513672
0.1253948211669922
0.12725520133972168
0.12455534934997559
0.12621665000915527
0.12447500228881836
0.14574623107910156
0.11699938774108887
0.1268463134765625
0.12432408332824707
0.12476444244384766
0.125885009765625
0.12668585777282715
0.1246788501739502
0.12343120574951172
0.12415671348571777
0.12674617767333984
0.12580442428588867
0.12366938591003418
0.12482404708862305
0.12605047225952148
0.12510895729064941
0.12397599220275879
0.12410378456115723
0.1260972023010254
0.12408256530761719
0.1253814697265625
0.12349081039428711
0.1259593963623047
0.12404680252075195
0.12320160865783691
0.12587618827819824
0.12644195556640625
0.12336540222167969
0.1241602897644043
0.12648510932922363
0.1257767677307129
0.12285757064819336
0.12376594543457031
0.12665939331054688
0.12732791900634766
0.12225937843322754
0.12425804138183594
0.12670421600341797
0.1261138916015625
0.12527775764465332
0.12368369102478027
0.1251997947692871
0.12675905227661133
0.12391948699951172
0.12495851516723633
0.12475204467773438
0.12746310234069824
0.12490367889404297
0.12269926071166992
0.12481808662414551
0.1261599063873291
0.12365269660949707
0.1252732276916504
0.12487626075744629
0.12678813934326172
0.12389922142028809
0.12467241287231445
0.12441730499267578
0.12605047225952148
0.12627887725830078
0.12327980995178223
0.12507319450378418
0.1259622573852539
0.12399959564208984
0.12475323677062988
0.1250300407409668
0.1258254051208496
0.12334871292114258
0.12446880340576172
0.12616443634033203
0.1261591911315918
0.12480664253234863
0.12445449829101562
0.12604951858520508
0.12589263916015625
0.1244502067565918
0.12418913841247559
0.12517619132995605
0.1264328956604004
0.12392067909240723
0.12496232986450195
0.12518692016601562
0.12642812728881836
0.12493753433227539
0.1251373291015625
0.1242516040802002
0.1280350685119629
0.1252918243408203
0.12399029731750488
0.12468338012695312
0.1265552043914795
0.1247255802154541
0.12546396255493164
0.12385249137878418
0.1269986629486084
0.12585949897766113
0.1244668960571289
0.12390875816345215
0.12721776962280273
0.124755859375
0.126068115234375
0.1231987476348877
0.12695622444152832
0.12550663948059082
0.12481880187988281
0.12464118003845215
0.12620115280151367
0.12654447555541992
0.12578058242797852
0.12273502349853516
0.12634992599487305
0.1256411075592041
0.12554478645324707
0.12449455261230469
0.12479209899902344
0.1249094009399414
0.12513089179992676
0.12406396865844727
0.12540984153747559
0.12545394897460938
0.12625932693481445
0.12347960472106934
0.12610220909118652
0.12468123435974121
0.12643933296203613
0.12343287467956543
0.12645173072814941
0.1253039836883545
0.12502336502075195
0.12380695343017578
0.12489032745361328
0.12557530403137207
0.12685036659240723
0.12432980537414551
0.1252734661102295
0.12473368644714355
0.1263713836669922
0.12404680252075195
0.12478780746459961
0.12592029571533203
0.12635064125061035
0.12414765357971191
0.12472033500671387
0.12536215782165527
0.12661266326904297
0.12401461601257324
0.12440681457519531
0.1259160041809082
0.1260981559753418
0.12486910820007324
0.12464666366577148
0.12500500679016113
0.12746334075927734
0.12413358688354492
0.12616324424743652
0.12387394905090332
0.12655305862426758
0.1253502368927002
0.1250016689300537
0.12408137321472168
0.12656378746032715
0.12538743019104004
0.12379717826843262
0.12432694435119629
0.12621212005615234
0.12469911575317383
0.12653422355651855
0.12403655052185059
0.12519073486328125
0.1252596378326416
0.12495851516723633
0.12421488761901855
0.12670111656188965
0.12426352500915527
0.12505030632019043
0.1241302490234375
0.12632489204406738
0.12447237968444824
0.12519311904907227
0.12375569343566895
0.1266186237335205
0.1252882480621338
0.12417316436767578
0.1243588924407959
0.12679052352905273
0.12457633018493652
0.12532401084899902
0.12332749366760254
0.12671518325805664
0.12501883506774902
0.12393999099731445
0.12461090087890625
0.12606406211853027
0.1251518726348877
0.12420201301574707
0.12398600578308105
0.12713074684143066
0.12475132942199707
0.12497782707214355
0.12335920333862305
0.12646937370300293
0.12554192543029785
0.12632083892822266
0.12330245971679688
0.1259446144104004
0.12498283386230469
0.12696266174316406
0.12245821952819824
0.12540388107299805
0.12541675567626953
0.12531805038452148
0.1223611831665039
0.12641263008117676
0.12553787231445312
0.12503433227539062
0.12457823753356934
0.12612318992614746
0.12559151649475098
0.12455439567565918
0.12345027923583984
0.12738037109375
0.12481904029846191
0.12529516220092773
0.1229255199432373
0.12616586685180664
0.12592458724975586
0.12475299835205078
0.1239786148071289
0.12576079368591309
0.12533807754516602
0.12563753128051758
0.12290215492248535
0.1258699893951416
0.12585043907165527
0.12456536293029785
0.12374496459960938
0.12587237358093262
0.12552261352539062
0.12474679946899414
0.12381815910339355
0.12600040435791016
0.12470078468322754
0.12470602989196777
0.12334823608398438
0.12648701667785645
0.1255793571472168
0.12592673301696777
0.12365269660949707
0.12549495697021484
0.12512946128845215
0.12621545791625977
0.12293696403503418
0.1259911060333252
0.12554144859313965
0.12759900093078613
0.12091636657714844
0.12578892707824707
0.12561750411987305
0.12450170516967773
0.12588071823120117
0.12364792823791504
0.12504982948303223
0.12508654594421387
0.12336444854736328
0.12785768508911133
0.1254749298095703
0.12579870223999023
0.12268495559692383
0.1269991397857666
0.12503480911254883
0.12444281578063965
0.12309718132019043
0.12597370147705078
0.12525200843811035
0.12455415725708008
0.12282490730285645
0.12612175941467285
0.12506341934204102
0.12422823905944824
0.12427735328674316
0.12577557563781738
0.12384343147277832
0.1241614818572998
0.12484955787658691
0.12648868560791016
0.12465977668762207
0.1254582405090332
0.12470436096191406
0.12473607063293457
0.12492609024047852
0.12434840202331543
0.12392425537109375
0.1266779899597168
0.12507915496826172
0.12483096122741699
0.1246039867401123
0.12607932090759277
0.12559270858764648
0.12427997589111328
0.12430047988891602
0.12610816955566406
0.12513303756713867
0.12398099899291992
0.12761592864990234
0.12298083305358887
0.12427806854248047
0.12444090843200684
0.12418031692504883
0.1288914680480957
0.12201881408691406
0.12505245208740234
0.12444472312927246
0.12565112113952637
0.12544846534729004
0.12468647956848145
0.12404203414916992
0.12540125846862793
0.12418937683105469
0.12495684623718262
0.12457752227783203
0.1256563663482666
0.12420392036437988
0.12482929229736328
0.12535953521728516
0.1260390281677246
0.12452173233032227
0.12575936317443848
0.12491917610168457
0.12477254867553711
0.12394452095031738
0.12404584884643555
0.12496805191040039
0.12636995315551758
0.12511229515075684
0.12457489967346191
0.12521719932556152
0.12511348724365234
0.12461590766906738
0.12533831596374512
0.12522339820861816
0.12544035911560059
0.12383174896240234
0.12416481971740723
0.12646245956420898
0.12508130073547363
0.12528371810913086
0.12434196472167969
0.12487983703613281
0.1259608268737793
0.12411093711853027
0.12577080726623535
0.12489652633666992
0.12672924995422363
0.12231683731079102
0.1245269775390625
0.12501001358032227
0.126312255859375
0.12552666664123535
0.1236872673034668
0.12533831596374512
0.125535249710083
0.12343454360961914
0.12476563453674316
0.12551021575927734
0.12579011917114258
0.12380790710449219
0.12630796432495117
0.12584877014160156
0.12444162368774414
0.12294602394104004
0.12486696243286133
0.12555146217346191
0.12560606002807617
0.1237492561340332
0.12516069412231445
0.12567543983459473
0.12588047981262207
0.12371516227722168
0.12524008750915527
0.1250286102294922
0.12558674812316895
0.12362098693847656
0.12558436393737793
0.12507033348083496
0.1256859302520752
0.12331748008728027
0.1262350082397461
0.12485551834106445
0.1253209114074707
0.12305808067321777
0.1257920265197754
0.12556076049804688
0.12553191184997559
0.12478899955749512
0.12475323677062988
0.12529730796813965
0.12833833694458008
0.12028264999389648
0.1255481243133545
0.12585711479187012
0.1251070499420166
0.12575578689575195
0.12325048446655273
0.12514638900756836
0.1250598430633545
0.1235196590423584
0.12827372550964355
0.12584614753723145
0.12438488006591797
0.12391018867492676
0.12461209297180176
0.12507963180541992
0.1251535415649414
0.12304353713989258
0.12569808959960938
0.12529397010803223
0.12485265731811523
0.12319588661193848
0.12579822540283203
0.12513303756713867
0.1251213550567627
0.12320590019226074
0.12610650062561035
0.12605905532836914
0.12473773956298828
0.1231842041015625
0.12605047225952148
0.1248927116394043
0.1253499984741211
0.12245750427246094
0.12616872787475586
0.12515044212341309
0.12514066696166992
0.12376713752746582
0.12672829627990723
0.1251375675201416
0.12496495246887207
0.12290096282958984
0.12651729583740234
0.12555885314941406
0.1239628791809082
0.12572002410888672
0.12508058547973633
0.1249380111694336
0.12457871437072754
0.12486100196838379
0.12629246711730957
0.12482428550720215
0.12461280822753906
0.12262678146362305
0.1275031566619873
0.12385940551757812
0.12447762489318848
0.12465047836303711
0.12654423713684082
0.12656140327453613
0.12383794784545898
0.12276005744934082
0.12630963325500488
0.1248326301574707
0.12543797492980957
0.12347722053527832
0.12615752220153809
0.12540102005004883
0.1245417594909668
0.1235494613647461
0.12641668319702148
0.12508392333984375
0.12418389320373535
0.12355589866638184
0.12703275680541992
0.12462878227233887
0.12427735328674316
0.12412619590759277
0.12642240524291992
0.1253066062927246
0.12431097030639648
0.12337589263916016
0.12695789337158203
0.12539124488830566
0.12400555610656738
0.12361335754394531
0.12711644172668457
0.12491774559020996
0.12444162368774414
0.12391376495361328
0.12771892547607422
0.12552690505981445
0.12496805191040039
0.12300491333007812
0.12696480751037598
0.1238260269165039
0.12504816055297852
0.12325787544250488
0.12895536422729492
0.12293076515197754
0.12460446357727051
0.12347602844238281
0.1273205280303955
0.12561678886413574
0.12326526641845703
0.12352752685546875
0.12636780738830566
0.12988591194152832
0.1206064224243164
0.12242698669433594
0.12668061256408691
0.12494707107543945
0.12405657768249512
0.12430429458618164
0.1269233226776123
0.12474703788757324
0.12314152717590332
0.12425494194030762
0.13191938400268555
0.12124800682067871
0.12433910369873047
0.1230325698852539
0.1263289451599121
0.1249232292175293
0.12380003929138184
0.12455987930297852
0.12642168998718262
0.12441349029541016
0.12456607818603516
0.12401461601257324
0.13360071182250977
0.12009334564208984
0.12302041053771973
0.12452507019042969
0.13077521324157715
0.1209414005279541
0.12288665771484375
0.12477374076843262
0.12882423400878906
0.12308382987976074
0.12442469596862793
0.12354350090026855
0.127089262008667
0.12315082550048828
0.12438511848449707
0.12498831748962402
0.12673592567443848
0.12341475486755371
0.12323117256164551
0.125380277633667
0.12600111961364746
0.12304544448852539
0.12322854995727539
0.1251969337463379
0.12616991996765137
0.12352371215820312
0.12406706809997559
0.12531423568725586
0.12577342987060547
0.12341856956481934
0.1246178150177002
0.12539315223693848
0.12549471855163574
0.12268471717834473
0.12466311454772949
0.12543511390686035
0.1246795654296875
0.12330389022827148
0.12546157836914062
0.12464284896850586
0.12524652481079102
0.12397909164428711
0.12557101249694824
0.12455940246582031
0.12421560287475586
0.12369465827941895
0.1272110939025879
0.12443232536315918
0.1236264705657959
0.12414884567260742
0.12540316581726074
0.12468361854553223
0.12368893623352051
0.12440133094787598
0.12572407722473145
0.1244974136352539
0.12485599517822266
0.12322664260864258
0.12726593017578125
0.12436318397521973
0.12369275093078613
0.12499475479125977
0.12590551376342773
0.1241159439086914
0.12421393394470215
0.12464308738708496
0.12533974647521973
0.12365531921386719
0.12327909469604492
0.12503862380981445
0.1255333423614502
0.12328743934631348
0.12453913688659668
0.1252577304840088
0.12489485740661621
0.1227562427520752
0.12481522560119629
0.12469244003295898
0.12493324279785156
0.12326502799987793
0.12646961212158203
0.1255803108215332
0.12335467338562012
0.12225627899169922
0.12581324577331543
0.12488484382629395
0.12466311454772949
0.1230459213256836
0.1266801357269287
0.12535429000854492
0.12416386604309082
0.12349677085876465
0.12641286849975586
0.12488412857055664
0.12385201454162598
0.12395191192626953
0.12662601470947266
0.12386846542358398
0.12401723861694336
0.1250767707824707
0.126267671585083
0.12388920783996582
0.1252913475036621
0.12381839752197266
0.12603068351745605
0.12301969528198242
0.1264650821685791
0.12467408180236816
0.12566804885864258
0.12326669692993164
0.12430047988891602
0.12582731246948242
0.12563180923461914
0.12308025360107422
0.12407827377319336
0.12653136253356934
0.1251680850982666
0.12351584434509277
0.12467050552368164
0.12632298469543457
0.12639331817626953
0.12414026260375977
0.12281465530395508
0.12629461288452148
0.12630867958068848
0.12308859825134277
0.12508225440979004
0.12548613548278809
0.1257469654083252
0.12299251556396484
0.12495732307434082
0.12659931182861328
0.12434649467468262
0.12406635284423828
0.12458109855651855
0.1253809928894043
0.12613749504089355
0.12336039543151855
0.12447381019592285
0.1257166862487793
0.12522482872009277
0.1224665641784668
0.12493109703063965
0.12561941146850586
0.12535572052001953
0.12163853645324707
0.1259016990661621
0.12623143196105957
0.12454009056091309
0.12221336364746094
0.12614750862121582
0.12600088119506836
0.12431526184082031
0.12270307540893555
0.1276416778564453
0.1257162094116211
0.12416934967041016
0.12276721000671387
0.12612128257751465
0.12467312812805176
0.1259310245513916
0.12297272682189941
0.12549781799316406
0.12467432022094727
0.12534880638122559
0.12270951271057129
0.12581086158752441
0.12549471855163574
0.12459826469421387
0.12314438819885254
0.12719964981079102
0.12307977676391602
0.1250896453857422
0.12373709678649902
0.12575292587280273
0.1249392032623291
0.12517237663269043
0.12331461906433105
0.1261587142944336
0.1244654655456543
0.12425041198730469
0.12444114685058594
0.12533950805664062
0.12479662895202637
0.12477469444274902
0.12354397773742676
0.12585949897766113
0.1227579116821289
0.1250317096710205
0.12485718727111816
0.12630057334899902
0.12265133857727051
0.12746810913085938
0.12430095672607422
0.12638258934020996
0.12284255027770996
0.12781071662902832
0.1222996711730957
0.12545514106750488
0.1226506233215332
0.13040995597839355
0.12281203269958496
0.12508296966552734
0.12262272834777832
0.12468838691711426
0.12603259086608887
0.125474214553833
0.12300372123718262
0.12524056434631348
0.12543034553527832
0.12592744827270508
0.1225595474243164
0.12541460990905762
0.12579011917114258
0.12509465217590332
0.12330460548400879
0.12588167190551758
0.12540078163146973
0.1257932186126709
0.12241506576538086
0.12606000900268555
0.12565970420837402
0.12461113929748535
0.12349104881286621
0.12619853019714355
0.1251692771911621
0.12463688850402832
0.12312650680541992
0.12587213516235352
0.12581992149353027
0.12406516075134277
0.12302279472351074
0.12645196914672852
0.12508249282836914
0.1244809627532959
0.12318015098571777
0.12651395797729492
0.12489652633666992
0.12441468238830566
0.12306046485900879
0.1271357536315918
0.12672710418701172
0.12363743782043457
0.12282633781433105
0.12616229057312012
0.12557649612426758
0.12299847602844238
0.1239018440246582
0.1261425018310547
0.12629032135009766
0.12343716621398926
0.12400603294372559
0.12610340118408203
0.12490653991699219
0.12423419952392578
0.12497186660766602
0.1259782314300537
0.12394452095031738
0.1239783763885498
0.1243746280670166
0.12662410736083984
0.12404036521911621
0.12382841110229492
0.12472248077392578
0.12642359733581543
0.12373828887939453
0.12468743324279785
0.12449789047241211
0.12703585624694824
0.12342190742492676
0.12350273132324219
0.12568283081054688
0.12575149536132812
0.12292599678039551
0.12408566474914551
0.1257190704345703
0.1262197494506836
0.12314867973327637
0.12450885772705078
0.12584185600280762
0.12656545639038086
0.12371015548706055
0.12477326393127441
0.1255474090576172
0.12598252296447754
0.12320780754089355
0.12709283828735352
0.12475419044494629
0.12664222717285156
0.12413430213928223
0.12652349472045898
0.12455344200134277
0.1257917881011963
0.12506961822509766
0.1255044937133789
0.12350583076477051
0.1259779930114746
0.12543201446533203
0.12493681907653809
0.12434577941894531
0.12570881843566895
0.12383079528808594
0.12396454811096191
0.12524104118347168
0.1261768341064453
0.12280726432800293
0.12357592582702637
0.12497115135192871
0.1262061595916748
0.1223154067993164
0.12418437004089355
0.12645912170410156
0.12557554244995117
0.12232208251953125
0.125471830368042
0.125640869140625
0.12594985961914062
0.12213873863220215
0.1251697540283203
0.12636899948120117
0.12564492225646973
0.12296056747436523
0.12613916397094727
0.12403011322021484
0.1252753734588623
0.1226663589477539
0.12497854232788086
0.12565040588378906
0.12451863288879395
0.12246870994567871
0.12674546241760254
0.12404465675354004
0.12477588653564453
0.12517976760864258
0.1254558563232422
0.12650465965270996
0.12425541877746582
0.12284660339355469
0.1255815029144287
0.12648415565490723
0.1228640079498291
0.1233220100402832
0.12665009498596191
0.12685608863830566
0.12281131744384766
0.12455105781555176
0.1255788803100586
0.1252148151397705
0.12426471710205078
0.12382817268371582
0.12580633163452148
0.12519121170043945
0.12432003021240234
0.12305521965026855
0.12564325332641602
0.12339401245117188
0.12494206428527832
0.12398386001586914
0.12600159645080566
0.12395405769348145
0.12446260452270508
0.12650442123413086
0.12600016593933105
0.12292933464050293
0.12466907501220703
0.12540483474731445
0.12624406814575195
0.1246037483215332
0.12352681159973145
0.12557697296142578
0.12607169151306152
0.1232445240020752
0.12450146675109863
0.12552237510681152
0.12573742866516113
0.12324690818786621
0.12478113174438477
0.12616252899169922
0.12566924095153809
0.12274909019470215
0.12503767013549805
0.12554383277893066
0.12562298774719238
0.12308049201965332
0.12600231170654297
0.12598156929016113
0.12527132034301758
0.12312102317810059
0.12801098823547363
0.12353777885437012
0.12544989585876465
0.12280869483947754
0.12799620628356934
0.12584376335144043
0.12329983711242676
0.12337255477905273
0.12523722648620605
0.1250925064086914
0.1259598731994629
0.12301850318908691
0.1251230239868164
0.12831616401672363
0.12484955787658691
0.12231683731079102
0.12505149841308594
0.12638354301452637
0.12615180015563965
0.12334346771240234
0.12489938735961914
0.1262493133544922
0.12484240531921387
0.12245440483093262
0.12571167945861816
0.12537240982055664
0.1265108585357666
0.12208223342895508
0.12571954727172852
0.12499356269836426
0.1256868839263916
0.12243318557739258
0.12628746032714844
0.1253197193145752
0.12522292137145996
0.12291669845581055
0.12604594230651855
0.12521958351135254
0.12404632568359375
0.12276983261108398
0.12644028663635254
0.12471818923950195
0.12481474876403809
0.1230614185333252
0.12620067596435547
0.1241302490234375
0.12424588203430176
0.12335562705993652
0.1267096996307373
0.12412738800048828
0.12432408332824707
0.12423467636108398
0.12817049026489258
0.1243581771850586
0.12383365631103516
0.1235191822052002
0.1270759105682373
0.12446951866149902
0.12370705604553223
0.12498235702514648
0.12620139122009277
0.12474799156188965
0.12378168106079102
0.12349128723144531
0.12717747688293457
0.12340903282165527
0.12369704246520996
0.1252737045288086
0.12688279151916504
0.12320065498352051
0.123077392578125
0.12590932846069336
0.12759828567504883
0.1224219799041748
0.12375116348266602
0.12592601776123047
0.12601804733276367
0.12310361862182617
0.12355327606201172
0.12633705139160156
0.12725210189819336
0.12171554565429688
0.12425088882446289
0.1266617774963379
0.12607121467590332
0.12263917922973633
0.12446975708007812
0.1260836124420166
0.12703967094421387
0.12197613716125488
0.1248326301574707
0.1261439323425293
0.12644743919372559
0.12369441986083984
0.1236410140991211
0.12580394744873047
0.12624263763427734
0.1217794418334961
0.12528014183044434
0.12552738189697266
0.12663745880126953
0.12208318710327148
0.12482571601867676
0.1257317066192627
0.12583017349243164
0.12215495109558105
0.1252148151397705
0.12549090385437012
0.12464666366577148
0.1222226619720459
0.12608599662780762
0.12560772895812988
0.1255049705505371
0.12192296981811523
0.12672901153564453
0.12651753425598145
0.12481951713562012
0.12240791320800781
0.12616539001464844
0.12591981887817383
0.12473893165588379
0.12200450897216797
0.12669062614440918
0.1253221035003662
0.1244347095489502
0.12308955192565918
0.12569165229797363
0.1253347396850586
0.12502527236938477
0.12234163284301758
0.12607216835021973
0.12402749061584473
0.12348818778991699
0.1262187957763672
0.12557530403137207
0.12369465827941895
0.12482380867004395
0.12381505966186523
0.1269986629486084
0.12327003479003906
0.12428760528564453
0.1258096694946289
0.12575459480285645
0.12341094017028809
0.12436723709106445
0.12511086463928223
0.12556934356689453
0.12357592582702637
0.12481880187988281
0.12508106231689453
0.1262509822845459
0.12330961227416992
0.12466001510620117
0.12533879280090332
0.12662529945373535
0.12250733375549316
0.1234743595123291
0.12537813186645508
0.1262218952178955
0.12289810180664062
0.12534093856811523
0.12482738494873047
0.12580609321594238
0.12233257293701172
0.12567424774169922
0.12582778930664062
0.12513422966003418
0.12166476249694824
0.1260836124420166
0.12495541572570801
0.12416720390319824
0.12251162528991699
0.12666773796081543
0.1253061294555664
0.12387323379516602
0.1234278678894043
0.12599945068359375
0.12520599365234375
0.12439560890197754
0.12214064598083496
0.12641191482543945
0.12285208702087402
0.12297511100769043
0.12495994567871094
0.12650203704833984
0.12285995483398438
0.12350916862487793
0.12603402137756348
0.12574458122253418
0.12189483642578125
0.12441682815551758
0.12529349327087402
0.1257331371307373
0.12169146537780762
0.1252729892730713
0.1259448528289795
0.12628388404846191
0.12107419967651367
0.12613296508789062
0.12567853927612305
0.12392425537109375
0.12183642387390137
0.12667417526245117
0.12505292892456055
0.12360429763793945
0.12311792373657227
0.12655282020568848
0.12522053718566895
0.12315630912780762
0.12382864952087402
0.12675809860229492
0.12426400184631348
0.12342643737792969
0.1259458065032959
0.12531352043151855
0.1239464282989502
0.12321329116821289
0.12427806854248047
0.12672710418701172
0.12375950813293457
0.12349367141723633
0.12510323524475098
0.1259467601776123
0.12342095375061035
0.12327098846435547
0.1250896453857422
0.1251375675201416
0.12267374992370605
0.12530899047851562
0.12498068809509277
0.12456130981445312
0.12332272529602051
0.12543535232543945
0.12472343444824219
0.12425351142883301
0.12234663963317871
0.1261584758758545
0.12490534782409668
0.1241617202758789
0.12349843978881836
0.12630677223205566
0.12488746643066406
0.12372708320617676
0.13742351531982422
0.11281156539916992
0.12563657760620117
0.12415552139282227
0.12416291236877441
0.12426376342773438
0.1232140064239502
0.12459349632263184
0.12415719032287598
0.12611985206604004
0.12232780456542969
0.12490677833557129
0.12327241897583008
0.12510991096496582
0.12303924560546875
0.12568950653076172
0.1239619255065918
0.12398552894592285
0.12389373779296875
0.12564301490783691
0.12317466735839844
0.12436079978942871
0.1229407787322998
0.12470507621765137
0.12517976760864258
0.12489557266235352
0.12492680549621582
0.12254977226257324
0.12455868721008301
0.12579917907714844
0.12195301055908203
0.12448596954345703
0.12412714958190918
0.12467765808105469
0.1236276626586914
0.12498855590820312
0.12810826301574707
0.11995816230773926
0.12349724769592285
0.12480902671813965
0.12527728080749512
0.12459349632263184
0.12346100807189941
0.12954115867614746
0.12135434150695801
0.1234123706817627
0.12302112579345703
0.12452554702758789
0.12518739700317383
0.12485909461975098
0.12421870231628418
0.12581229209899902
0.12421536445617676
0.12395596504211426
0.12276792526245117
0.12483787536621094
0.12433481216430664
0.12442898750305176
0.12323427200317383
0.12578058242797852
0.12673163414001465
0.12339091300964355
0.12202906608581543
0.1247246265411377
0.12356376647949219
0.12672185897827148
0.12141609191894531
0.15095734596252441
0.11266279220581055
0.12587714195251465
0.12401294708251953
0.12366628646850586
0.12488412857055664
0.12778282165527344
0.1231226921081543
0.12263178825378418
0.1258866786956787
0.12646865844726562
0.12372517585754395
0.12363052368164062
0.12463974952697754
0.12667346000671387
0.123779296875
0.12285542488098145
0.12568140029907227
0.12667608261108398
0.12374520301818848
0.12331986427307129
0.12605738639831543
0.12696313858032227
0.1236121654510498
0.12382817268371582
0.12566351890563965
0.1261587142944336
0.12260270118713379
0.12467026710510254
0.12743520736694336
0.1363236904144287
0.11614990234375
0.12342619895935059
0.12565922737121582
0.12637591361999512
0.12355375289916992
0.1235499382019043
0.12549114227294922
0.12608909606933594
0.12252569198608398
0.12403345108032227
0.12562012672424316
0.12635588645935059
0.12283134460449219
0.12471652030944824
0.125840425491333
0.12597084045410156
0.12470102310180664
0.12349963188171387
0.12610960006713867
0.12628865242004395
0.12290644645690918
0.12415957450866699
0.12601447105407715
0.1261460781097412
0.12237000465393066
0.12508416175842285
0.12623882293701172
0.12548422813415527
0.12294411659240723
0.1255338191986084
0.12549281120300293
0.12516093254089355
0.12287545204162598
0.12519097328186035
0.12448310852050781
0.12507009506225586
0.12158584594726562
0.12568020820617676
0.1246042251586914
0.12472391128540039
0.12243008613586426
0.12661242485046387
0.12500524520874023
0.12413287162780762
0.12368321418762207
0.12611722946166992
0.1262187957763672
0.12166261672973633
0.12406492233276367
0.12707161903381348
0.12342572212219238
0.1240835189819336
0.1248939037322998
0.12678170204162598
0.12263131141662598
0.12360072135925293
0.12539887428283691
0.12557673454284668
0.12380290031433105
0.12378239631652832
0.12438082695007324
0.1255476474761963
0.12317895889282227
0.1270313262939453
0.1247410774230957
0.1261613368988037
0.126786470413208
0.12140369415283203
0.12548589706420898
0.1261758804321289
0.1218874454498291
0.12514209747314453
0.12520551681518555
0.12710070610046387
0.12202858924865723
0.12475323677062988
0.13068795204162598
0.11908602714538574
0.12256073951721191
0.12624406814575195
0.12426924705505371
0.12429666519165039
0.12406396865844727
0.1270432472229004
0.12320160865783691
0.12370967864990234
0.12546348571777344
0.12484622001647949
0.12454724311828613
0.12336111068725586
0.12508678436279297
0.12590312957763672
0.1227865219116211
0.1236274242401123
0.1258072853088379
0.1257185935974121
0.12387275695800781
0.12314987182617188
0.1251068115234375
0.12645840644836426
0.12648916244506836
0.12409567832946777
0.12424921989440918
0.12667202949523926
0.12225127220153809
0.12381100654602051
0.12667059898376465
0.12489843368530273
0.12268567085266113
0.12377572059631348
0.12616372108459473
0.12536883354187012
0.12230539321899414
0.1269669532775879
0.1257472038269043
0.12491464614868164
0.12233138084411621
0.12526369094848633
0.12612509727478027
0.12500429153442383
0.12370491027832031
0.1245584487915039
0.12602734565734863
0.1243436336517334
0.12155580520629883
0.1260366439819336
0.1272428035736084
0.12324047088623047
0.12174320220947266
0.1268937587738037
0.12503576278686523
0.12363791465759277
0.12280893325805664
0.12587618827819824
0.12543010711669922
0.12392425537109375
0.12280821800231934
0.1263573169708252
0.12477946281433105
0.12358808517456055
0.12375926971435547
0.12540364265441895
0.12465357780456543
0.12310194969177246
0.12524127960205078
0.12522292137145996
0.12338089942932129
0.1245119571685791
0.12441873550415039
0.12572932243347168
0.1216878890991211
0.12545013427734375
0.12498807907104492
0.12705755233764648
0.1210336685180664
0.1260385513305664
0.12506318092346191
0.12386155128479004
0.12253785133361816
0.1264638900756836
0.1239776611328125
0.12425065040588379
0.1237483024597168
0.1257619857788086
0.12430262565612793
0.12385988235473633
0.1245872974395752
0.12620210647583008
0.12482810020446777
0.1229703426361084
0.12429118156433105
0.12766289710998535
0.1219320297241211
0.12347102165222168
0.125870943069458
0.12627887725830078
0.12283539772033691
0.12374711036682129
0.12641096115112305
0.1269538402557373
0.12184429168701172
0.1249244213104248
0.12616562843322754
0.1259472370147705
0.12260055541992188
0.12492251396179199
0.12621617317199707
0.1265406608581543
0.1221311092376709
0.12476301193237305
0.1269516944885254
0.1258087158203125
0.12219977378845215
0.12556123733520508
0.12614727020263672
0.12550878524780273
0.12257552146911621
0.12470221519470215
0.12560296058654785
0.12602019309997559
0.12103438377380371
0.12529373168945312
0.1261885166168213
0.1246645450592041
0.12173247337341309
0.12581634521484375
0.12517380714416504
0.12497425079345703
0.12229442596435547
0.1261427402496338
0.12579703330993652
0.12559247016906738
0.12206172943115234
0.1268608570098877
0.12572216987609863
0.12448358535766602
0.12311649322509766
0.12663578987121582
0.1255803108215332
0.1257615089416504
0.1224203109741211
0.126206636428833
0.12514281272888184
0.1246640682220459
0.12293148040771484
0.12667465209960938
0.1257495880126953
0.12382864952087402
0.12324285507202148
0.12634587287902832
0.12574434280395508
0.12387204170227051
0.12341833114624023
0.1274878978729248
0.1260383129119873
0.12316155433654785
0.12341952323913574
0.12648391723632812
0.12675142288208008
0.12391018867492676
0.12325119972229004
0.1269669532775879
0.12555694580078125
0.12394165992736816
0.12389183044433594
0.12592554092407227
0.1254868507385254
0.12362408638000488
0.12330508232116699
0.12647509574890137
0.12618660926818848
0.12308144569396973
0.12376046180725098
0.1264195442199707
0.12427663803100586
0.12328124046325684
0.12491869926452637
0.12616872787475586
0.12389302253723145
0.1239016056060791
0.1254115104675293
0.12628436088562012
0.12351608276367188
0.12417483329772949
0.12525105476379395
0.12600350379943848
0.1233670711517334
0.12421393394470215
0.1254274845123291
0.12583684921264648
0.12263345718383789
0.1251659393310547
0.1251235008239746
0.1266622543334961
0.12411808967590332
0.12317776679992676
0.12559771537780762
0.13415002822875977
0.11727166175842285
0.12762761116027832
0.12482118606567383
0.12629318237304688
0.12424445152282715
0.12505149841308594
0.12361884117126465
0.12622451782226562
0.12387895584106445
0.12374258041381836
0.12532520294189453
0.12630128860473633
0.12461566925048828
0.12308931350708008
0.12603306770324707
0.12559008598327637
0.12258577346801758
0.12543964385986328
0.1251969337463379
0.126617431640625
0.1221761703491211
0.12517976760864258
0.12592840194702148
0.1264481544494629
0.12187671661376953
0.12580561637878418
0.12688732147216797
0.12537884712219238
0.12334799766540527
0.12487244606018066
0.12694835662841797
0.12392520904541016
0.12335610389709473
0.12590241432189941
0.12517690658569336
0.1265561580657959
0.1228475570678711
0.1258234977722168
0.12477564811706543
0.12639331817626953
0.12270784378051758
0.12636399269104004
0.12435245513916016
0.12546420097351074
0.12294197082519531
0.12489652633666992
0.12636780738830566
0.12533259391784668
0.1243128776550293
0.12441754341125488
0.12610101699829102
0.12540531158447266
0.12210512161254883
0.12668228149414062
0.12517642974853516
0.12590718269348145
0.12273788452148438
0.1255943775177002
0.12636518478393555
0.12405228614807129
0.12285423278808594
0.12635588645935059
0.12494063377380371
0.12566781044006348
0.12200093269348145
0.12618064880371094
0.1253657341003418
0.12400937080383301
0.12324142456054688
0.12599444389343262
0.12450718879699707
0.12475705146789551
0.12298941612243652
0.12654948234558105
0.12484335899353027
0.12605881690979004
0.12293791770935059
0.12555146217346191
0.12432670593261719
0.12352108955383301
0.12401080131530762
0.1259932518005371
0.12349891662597656
0.12290596961975098
0.12584710121154785
0.12576794624328613
0.12229800224304199
0.12422466278076172
0.1254432201385498
0.1256422996520996
0.12272119522094727
0.1238405704498291
0.12552618980407715
0.12562179565429688
0.12216496467590332
0.12531018257141113
0.12580227851867676
0.12472772598266602
0.12137365341186523
0.12632536888122559
0.1250467300415039
0.12468576431274414
0.12211728096008301
0.127608060836792
0.12496638298034668
0.12421512603759766
0.12307429313659668
0.12637042999267578
0.12523531913757324
0.12419247627258301
0.12330055236816406
0.12569332122802734
0.12503290176391602
0.12403750419616699
0.12349152565002441
0.12775588035583496
0.1250145435333252
0.12203168869018555
0.12407088279724121
0.12604570388793945
0.12413930892944336
0.12297368049621582
0.12419891357421875
0.1258869171142578
0.12402796745300293
0.12322640419006348
0.12526750564575195
0.1254408359527588
0.12343168258666992
0.124664306640625
0.1246945858001709
0.1252460479736328
0.12332344055175781
0.1250159740447998
0.12525629997253418
0.12401127815246582
0.12256240844726562
0.12649941444396973
0.12415862083435059
0.12397289276123047
0.12321734428405762
0.12622809410095215
0.12444353103637695
0.12462139129638672
0.12353682518005371
0.12635445594787598
0.12369084358215332
0.1239621639251709
0.12365126609802246
0.12639689445495605
0.12393355369567871
0.1236562728881836
0.1256542205810547
0.12666654586791992
0.1229395866394043
0.1246802806854248
0.12499618530273438
0.12572717666625977
0.12279105186462402
0.1234884262084961
0.12527799606323242
0.12633895874023438
0.12126946449279785
0.12506961822509766
0.12583541870117188
0.1251220703125
0.12246131896972656
0.12514734268188477
0.1257939338684082
0.12480497360229492
0.12293100357055664
0.12603330612182617
0.12614774703979492
0.12427520751953125
0.12241649627685547
0.1262221336364746
0.12546706199645996
0.12495875358581543
0.12205338478088379
0.12715768814086914
0.12494802474975586
0.12378764152526855
0.12355875968933105
0.1260077953338623
0.12549710273742676
0.12714409828186035
0.11983227729797363
0.1267995834350586
0.12516522407531738
0.12371230125427246
0.12375330924987793
0.12634682655334473
0.12521982192993164
0.1272745132446289
0.12056994438171387
0.12661027908325195
0.12613797187805176
0.12256407737731934
0.12397289276123047
0.12659406661987305
0.1233522891998291
0.12505125999450684
0.12466955184936523
0.12572908401489258
0.12584161758422852
0.1219491958618164
0.1247110366821289
0.12499761581420898
0.12326169013977051
0.12470579147338867
0.12496423721313477
0.1267106533050537
0.12464499473571777
0.12251758575439453
0.12556028366088867
0.12537169456481934
0.12329769134521484
0.12489819526672363
0.12534761428833008
0.12470197677612305
0.12182140350341797
0.12569689750671387
0.1255173683166504
0.1254744529724121
0.12082195281982422
0.1269536018371582
0.12496161460876465
0.12365865707397461
0.13095879554748535
0.12183260917663574
0.12597346305847168
0.12470126152038574
0.12179327011108398
0.12667512893676758
0.12507224082946777
0.12563323974609375
0.1237185001373291
0.12593317031860352
0.12448573112487793
0.12688636779785156
0.11947965621948242
0.12633228302001953
0.12513279914855957
0.12727999687194824
0.12019968032836914
0.12604641914367676
0.12239575386047363
0.12883830070495605
0.12013554573059082
0.12588167190551758
0.12300610542297363
0.12346816062927246
0.12566399574279785
0.12647175788879395
0.12170934677124023
0.12494754791259766
0.12576699256896973
0.12593436241149902
0.12281250953674316
0.12443661689758301
0.12559819221496582
0.1251509189605713
0.12109899520874023
0.12600231170654297
0.12459230422973633
0.12464118003845215
0.12267518043518066
0.12606382369995117
0.12636637687683105
0.12378573417663574
0.12272930145263672
0.12600445747375488
0.12511801719665527
0.1235809326171875
0.12366080284118652
0.1261274814605713
0.12544655799865723
0.1235349178314209
0.12329959869384766
0.1257481575012207
0.12383294105529785
0.12401533126831055
0.12484312057495117
0.12593293190002441
0.12376904487609863
0.12340116500854492
0.12519097328186035
0.12547636032104492
0.1235494613647461
0.123870849609375
0.12452054023742676
0.1259899139404297
0.12225198745727539
0.12479567527770996
0.12497544288635254
0.12570738792419434
0.12236714363098145
0.12636899948120117
0.12450003623962402
0.1247711181640625
0.12365603446960449
0.1260819435119629
0.1245720386505127
0.12368345260620117
0.12344908714294434
0.1267552375793457
0.1236729621887207
0.12324690818786621
0.1239461898803711
0.12656044960021973
0.12336277961730957
0.12320184707641602
0.12560319900512695
0.12540769577026367
0.12314295768737793
0.12354063987731934
0.12718963623046875
0.12618756294250488
0.12085080146789551
0.1241605281829834
0.1257343292236328
0.12465763092041016
0.12218213081359863
0.12505078315734863
0.12534451484680176
0.12479114532470703
0.12223076820373535
0.12549233436584473
0.12572336196899414
0.12421870231628418
0.12254500389099121
0.12604880332946777
0.12497830390930176
0.12424135208129883
0.12318706512451172
0.12679505348205566
0.12454104423522949
0.12306594848632812
0.12399101257324219
0.12638354301452637
0.12441325187683105
0.12481474876403809
0.12333083152770996
0.12697887420654297
0.1245875358581543
0.12326264381408691
0.12427401542663574
0.12639737129211426
0.12321901321411133
0.12404966354370117
0.12474489212036133
0.12510323524475098
0.12173748016357422
0.12555432319641113
0.12513470649719238
0.12528729438781738
0.12434101104736328
0.12558627128601074
0.12445354461669922
0.12484097480773926
0.122955322265625
0.12595748901367188
0.1257798671722412
0.12464165687561035
0.1225438117980957
0.12642335891723633
0.12521743774414062
0.12372589111328125
0.12251543998718262
0.12657809257507324
0.1253342628479004
0.12321186065673828
0.1226797103881836
0.1270918846130371
0.1244804859161377
0.1229391098022461
0.12402510643005371
0.12592148780822754
0.12485027313232422
0.12246513366699219
0.13387179374694824
0.12471866607666016
0.12444591522216797
0.1245870590209961
0.12334036827087402
0.12726974487304688
0.12493038177490234
0.12392115592956543
0.12300610542297363
0.12699508666992188
0.12420153617858887
0.1278998851776123
0.1197502613067627
0.1264944076538086
0.1245427131652832
0.1233680248260498
0.12449932098388672
0.1266651153564453
0.12333440780639648
0.12586259841918945
0.12178707122802734
0.12606048583984375
0.12414407730102539
0.12324404716491699
0.12550997734069824
0.12544846534729004
0.12230753898620605
0.12522149085998535
0.125532865524292
0.12549924850463867
0.1232454776763916
0.12375974655151367
0.12568140029907227
0.1257476806640625
0.1218111515045166
0.12552547454833984
0.12520241737365723
0.1247401237487793
0.12161469459533691
0.12646055221557617
0.1264786720275879
0.12354087829589844
0.12165284156799316
0.1258842945098877
0.12504816055297852
0.12402129173278809
0.12366104125976562
0.1255931854248047
0.12642669677734375
0.1223287582397461
0.12353658676147461
0.12625336647033691
0.1240382194519043
0.12357831001281738
0.12475156784057617
0.12582874298095703
0.12439489364624023
0.12489962577819824
0.12349486351013184
0.12643909454345703
0.1223297119140625
0.12453532218933105
0.12475919723510742
0.125626802444458
0.12327694892883301
0.1249995231628418
0.12514185905456543
0.12559056282043457
0.12261819839477539
0.12567424774169922
0.12440657615661621
0.1253979206085205
0.12306952476501465
0.1253643035888672
0.12521600723266602
0.12543916702270508
0.12236452102661133
0.12893271446228027
0.12494492530822754
0.12526893615722656
0.12256860733032227
0.12523889541625977
0.12465882301330566
0.125105619430542
0.12270522117614746
0.12598824501037598
0.12592864036560059
0.1246635913848877
0.12305498123168945
0.12646913528442383
0.1259632110595703
0.1227869987487793
0.12294411659240723
0.1267070770263672
0.12480854988098145
0.12368130683898926
0.12485575675964355
0.12697529792785645
0.12394905090332031
0.12662625312805176
0.12087559700012207
0.1264641284942627
0.12325572967529297
0.12358474731445312
0.1253831386566162
0.12679505348205566
0.12362813949584961
0.12270832061767578
0.12578392028808594
0.12612390518188477
0.1227564811706543
0.12340068817138672
0.12536215782165527
0.12626361846923828
0.12233328819274902
0.12407493591308594
0.12541532516479492
0.1250293254852295
0.1220860481262207
0.1251847743988037
0.12659430503845215
0.12368464469909668
0.12179064750671387
0.12659811973571777
0.12506699562072754
0.12448263168334961
0.12340354919433594
0.1259760856628418
0.12521052360534668
0.12422585487365723
0.12249898910522461
0.1262052059173584
0.12645792961120605
0.1227567195892334
0.12391138076782227
0.12600016593933105
0.12409019470214844
0.12504339218139648
0.12326431274414062
0.12543296813964844
0.12365365028381348
0.12403583526611328
0.12441849708557129
0.1255950927734375
0.12322998046875
0.12413382530212402
0.12508535385131836
0.12563395500183105
0.1230781078338623
0.1250467300415039
0.12488079071044922
0.12513399124145508
0.12237763404846191
0.12556004524230957
0.12556815147399902
0.12386131286621094
0.12328600883483887
0.12649083137512207
0.12456250190734863
0.12398147583007812
0.12364649772644043
0.12665462493896484
0.12411713600158691
0.1233208179473877
0.12391185760498047
0.12621569633483887
0.12443852424621582
0.12297868728637695
0.12398290634155273
0.12634992599487305
0.12331771850585938
0.12342500686645508
0.12543153762817383
0.12619972229003906
0.12202668190002441
0.124114990234375
0.12560296058654785
0.12601852416992188
0.12281012535095215
0.12349891662597656
0.12587642669677734
0.12529325485229492
0.12203836441040039
0.12546443939208984
0.12512826919555664
0.12467575073242188
0.12201714515686035
0.12591123580932617
0.1254422664642334
0.12390589714050293
0.12231183052062988
0.12670660018920898
0.12463927268981934
0.12347865104675293
0.12340283393859863
0.12538957595825195
0.12393069267272949
0.12304162979125977
0.12460803985595703
0.12610363960266113
0.12421965599060059
0.12324953079223633
0.12620997428894043
0.12531781196594238
0.12235116958618164
0.12406635284423828
0.12544679641723633
0.12506484985351562
0.12210273742675781
0.12621498107910156
0.12449073791503906
0.12436747550964355
0.12330150604248047
0.12548589706420898
0.1250917911529541
0.1247246265411377
0.12212514877319336
0.1271038055419922
0.12491226196289062
0.12321972846984863
0.12259817123413086
0.12631559371948242
0.12373161315917969
0.12353730201721191
0.12480282783508301
0.12639904022216797
0.12275505065917969
0.12410449981689453
0.12523269653320312
0.12560319900512695
0.12320327758789062
0.12305164337158203
0.12623047828674316
0.1260666847229004
0.12136197090148926
0.12476491928100586
0.12616991996765137
0.12557697296142578
0.12176680564880371
0.1257920265197754
0.12539124488830566
0.12489008903503418
0.12119889259338379
0.12648248672485352
0.12552666664123535
0.12398552894592285
0.12844610214233398
0.12057209014892578
0.12440943717956543
0.12497186660766602
0.12350583076477051
0.1262063980102539
0.12530732154846191
0.12349963188171387
0.12348699569702148
0.12637853622436523
0.12474560737609863
0.12464427947998047
0.12364339828491211
0.12530183792114258
0.12392330169677734
0.12298011779785156
0.12462592124938965
0.12580370903015137
0.1235496997833252
0.12357831001281738
0.12513089179992676
0.12607979774475098
0.12285876274108887
0.1239471435546875
0.1277167797088623
0.12287259101867676
0.12396621704101562
0.12474942207336426
0.12463116645812988
0.12468504905700684
0.12385940551757812
0.1255507469177246
0.12510991096496582
0.1233367919921875
0.12391901016235352
0.12581777572631836
0.12448239326477051
0.12375450134277344
0.1230611801147461
0.12638521194458008
0.1239016056060791
0.12263131141662598
0.12459850311279297
0.12624216079711914
0.12360668182373047
0.12319397926330566
0.1255645751953125
0.12655973434448242
0.12290000915527344
0.12314081192016602
0.12567472457885742
0.1265716552734375
0.1254596710205078
0.12300944328308105
0.12534618377685547
0.12755298614501953
0.12132716178894043
0.12428593635559082
0.12695956230163574
0.1239323616027832
0.12157845497131348
0.12519121170043945
0.1255509853363037
0.1245276927947998
0.12331867218017578
0.1257331371307373
0.12528729438781738
0.12486624717712402
0.12246394157409668
0.12563037872314453
0.1252603530883789
0.12393307685852051
0.12234735488891602
0.12641000747680664
0.1256868839263916
0.12393665313720703
0.12243914604187012
0.1270771026611328
0.12433147430419922
0.12378072738647461
0.12421274185180664
0.12564420700073242
0.12381529808044434
0.12455582618713379
0.12385869026184082
0.12592172622680664
0.12328100204467773
0.12368464469909668
0.12536311149597168
0.12569522857666016
0.12370014190673828
0.12510967254638672
0.1276547908782959
0.12347078323364258
0.12226200103759766
0.12599682807922363
0.12423014640808105
0.12561249732971191
0.12227702140808105
0.12544703483581543
0.12668228149414062
0.12503767013549805
0.1224830150604248
0.12617278099060059
0.1257789134979248
0.12534761428833008
0.12206006050109863
0.12630724906921387
0.12476873397827148
0.12457060813903809
0.12273287773132324
0.12685227394104004
0.1257307529449463
0.12451839447021484
0.12276029586791992
0.12681865692138672
0.1249701976776123
0.12444376945495605
0.12287235260009766
0.12667059898376465
0.12601995468139648
0.12274885177612305
0.1231834888458252
0.12638473510742188
0.1249992847442627
0.12404227256774902
0.12349486351013184
0.12624168395996094
0.12442994117736816
0.12770295143127441
0.12282562255859375
0.1269989013671875
0.12842321395874023
0.12124323844909668
0.12267684936523438
0.12873339653015137
0.12177634239196777
0.12379670143127441
0.12484622001647949
0.1257340908050537
0.12350916862487793
0.12488412857055664
0.12462592124938965
0.12626385688781738
0.12442445755004883
0.12392234802246094
0.12429475784301758
0.12661528587341309
0.12523841857910156
0.12297844886779785
0.1252126693725586
0.12656664848327637
0.12332606315612793
0.12372684478759766
0.1254584789276123
0.12619400024414062
0.12260770797729492
0.12445592880249023
0.12592744827270508
0.12595820426940918
0.12255048751831055
0.12430286407470703
0.12594389915466309
0.12618589401245117
0.1217184066772461
0.1252591609954834
0.1268329620361328
0.1250746250152588
0.12180829048156738
0.12690067291259766
0.12527728080749512
0.12576794624328613
0.12388157844543457
0.12478160858154297
0.12665176391601562
0.12581896781921387
0.12076282501220703
0.12473726272583008
0.12616205215454102
0.12542438507080078
0.12186884880065918
0.1262052059173584
0.12533354759216309
0.12475419044494629
0.12189698219299316
0.12604808807373047
0.12604022026062012
0.12402558326721191
0.12275958061218262
0.1265580654144287
0.12487316131591797
0.1250448226928711
0.12270188331604004
0.12600445747375488
0.12599444389343262
0.1252729892730713
0.1231536865234375
0.12653875350952148
0.12464261054992676
0.12389636039733887
0.12345600128173828
0.1269371509552002
0.12511706352233887
0.12343049049377441
0.12380075454711914
0.12659192085266113
0.12503576278686523
0.1237328052520752
0.12374615669250488
0.1261444091796875
0.12357592582702637
0.12323904037475586
0.12713980674743652
0.12651968002319336
0.12213730812072754
0.1237180233001709
0.1260848045349121
0.12559843063354492
0.12342691421508789
0.12438821792602539
0.12624764442443848
0.12626194953918457
0.12332558631896973
0.12386155128479004
0.12634015083312988
0.1254568099975586
0.12357330322265625
0.12451457977294922
0.12578606605529785
0.12566399574279785
0.12397336959838867
0.12405610084533691
0.12541651725769043
0.12522506713867188
0.12322545051574707
0.12488460540771484
0.12500834465026855
0.12535953521728516
0.12304282188415527
0.12480950355529785
0.12498188018798828
0.12499189376831055
0.12310218811035156
0.1270458698272705
0.12535643577575684
0.12452912330627441
0.12304902076721191
0.1259291172027588
0.12508511543273926
0.12444519996643066
0.12313580513000488
0.12592124938964844
0.12547731399536133
0.12518072128295898
0.12195825576782227
0.12662672996520996
0.12411022186279297
0.12408304214477539
0.12421202659606934
0.1266772747039795
0.12452054023742676
0.12394428253173828
0.12348508834838867
0.12635397911071777
0.12412428855895996
0.12390446662902832
0.12530803680419922
0.12639427185058594
0.12384796142578125
0.12517285346984863
0.12446451187133789
0.12642788887023926
0.12335371971130371
0.12482810020446777
0.12471652030944824
0.12653350830078125
0.12337303161621094
0.12272787094116211
0.12572026252746582
0.12667250633239746
0.12282061576843262
0.12319827079772949
0.12602472305297852
0.12582159042358398
0.12287664413452148
0.12456846237182617
0.1256866455078125
0.12596416473388672
0.12222671508789062
0.12524056434631348
0.12649011611938477
0.12794971466064453
0.12289762496948242
0.12423038482666016
0.12607049942016602
0.12607359886169434
0.12174844741821289
0.12483978271484375
0.12656903266906738
0.12461018562316895
0.12153863906860352
0.12596893310546875
0.1251382827758789
0.12460923194885254
0.12284207344055176
0.12585020065307617
0.12476992607116699
0.1242060661315918
0.12265372276306152
0.1265277862548828
0.12485361099243164
0.12460613250732422
0.12256455421447754
0.12686967849731445
0.12296056747436523
0.1229546070098877
0.12691068649291992
0.12405872344970703
0.12324404716491699
0.12446856498718262
0.12473320960998535
0.12580418586730957
0.12272930145263672
0.12436032295227051
0.1253058910369873
0.12617158889770508
0.12269806861877441
0.12394499778747559
0.12486648559570312
0.12602663040161133
0.12288570404052734
0.12479805946350098
0.12593865394592285
0.12496256828308105
0.12161111831665039
0.1278073787689209
0.12381124496459961
0.12485527992248535
0.12447118759155273
0.12511110305786133
0.12485456466674805
0.1236426830291748
0.12322998046875
0.12645578384399414
0.1245427131652832
0.12473154067993164
0.12355232238769531
0.12571406364440918
0.12362217903137207
0.12264585494995117
0.12413716316223145
0.12608933448791504
0.1230776309967041
0.12456130981445312
0.12484455108642578
0.12600040435791016
0.12299728393554688
0.12491536140441895
0.12572455406188965
0.12609648704528809
0.12386465072631836
0.12325739860534668
0.1265881061553955
0.1262526512145996
0.12309741973876953
0.1238715648651123
0.126084566116333
0.12598609924316406
0.12236976623535156
0.12468218803405762
0.12604832649230957
0.12526297569274902
0.1234891414642334
0.12505817413330078
0.12535619735717773
0.12488675117492676
0.12225031852722168
0.12561821937561035
0.12628626823425293
0.12476396560668945
0.12238526344299316
0.12650752067565918
0.12572956085205078
0.12343597412109375
0.12266325950622559
0.12678885459899902
0.12559795379638672
0.12617230415344238
0.1221473217010498
0.12645578384399414
0.1252455711364746
0.12517476081848145
0.1227729320526123
0.1260204315185547
0.1253042221069336
0.12456774711608887
0.12211251258850098
0.12696194648742676
0.12610340118408203
0.12445950508117676
0.12277698516845703
0.12663960456848145
0.12601685523986816
0.12479543685913086
0.1225123405456543
0.1267228126525879
0.12544894218444824
0.1252422332763672
0.12144780158996582
0.12618446350097656
0.12577366828918457
0.12425494194030762
0.12357831001281738
0.12650346755981445
0.12529873847961426
0.12353086471557617
0.12314963340759277
0.12691116333007812
0.12508797645568848
0.12292909622192383
0.12429928779602051
0.12558650970458984
0.12446165084838867
0.12354564666748047
0.12478876113891602
0.12584853172302246
0.12408804893493652
0.12378597259521484
0.12500882148742676
0.12852120399475098
0.12035655975341797
0.12435722351074219
0.12528467178344727
0.12663054466247559
0.12399172782897949
0.12516260147094727
0.1254720687866211
0.12525677680969238
0.12398982048034668
0.12479352951049805
0.12548375129699707
0.12529468536376953
0.12391853332519531
0.12415432929992676
0.12650036811828613
0.1263730525970459
0.12354660034179688
0.12443423271179199
0.12540268898010254
0.12558984756469727
0.12283968925476074
0.12563753128051758
0.12666773796081543
0.12514948844909668
0.12435293197631836
0.12295198440551758
0.12586569786071777
0.1251065731048584
0.12359976768493652
0.12484908103942871
0.12522554397583008
0.12571978569030762
0.12235093116760254
0.12562346458435059
0.12632489204406738
0.12441492080688477
0.12218904495239258
0.12721824645996094
0.12410950660705566
0.12412881851196289
0.12254953384399414
0.1263110637664795
0.12502813339233398
0.1254429817199707
0.12210297584533691
0.12665987014770508
0.12438583374023438
0.12426400184631348
0.12338066101074219
0.12616753578186035
0.12472939491271973
0.12432622909545898
0.12549805641174316
0.12571978569030762
0.12435793876647949
0.12320590019226074
0.12562012672424316
0.12628436088562012
0.1224980354309082
0.1243448257446289
0.12496352195739746
0.12631821632385254
0.1242220401763916
0.1235189437866211
0.12446737289428711
0.1258096694946289
0.1223905086517334
0.12415862083435059
0.1264193058013916
0.12618565559387207
0.12249755859375
0.1243741512298584
0.12658095359802246
0.1255171298980713
0.12209534645080566
0.12489438056945801
0.1267080307006836
0.12566590309143066
0.12124252319335938
0.12612318992614746
0.12587690353393555
0.12546396255493164
0.12254738807678223
0.12553858757019043
0.12631845474243164
0.12552762031555176
0.12137341499328613
0.12515997886657715
0.12560009956359863
0.12498354911804199
0.12247443199157715
0.12604737281799316
0.12499547004699707
0.12469482421875
0.12260246276855469
0.12644338607788086
0.12525677680969238
0.12515044212341309
0.12329959869384766
0.1260089874267578
0.12599563598632812
0.12459921836853027
0.12311649322509766
0.1264820098876953
0.1250598430633545
0.12377548217773438
0.12310028076171875
0.12609100341796875
0.12346577644348145
0.12296795845031738
0.12470054626464844
0.1265091896057129
0.12341809272766113
0.12339425086975098
0.12562346458435059
0.12523913383483887
0.12309074401855469
0.12393975257873535
0.1253504753112793
0.1258084774017334
0.12257766723632812
0.12454605102539062
0.12514638900756836
0.12500929832458496
0.12278223037719727
0.12546181678771973
0.12547802925109863
0.12517523765563965
0.12128353118896484
0.12655043601989746
0.12466049194335938
0.12384319305419922
0.12361812591552734
0.12632536888122559
0.12405705451965332
0.12382340431213379
0.12375950813293457
0.1261434555053711
0.12360048294067383
0.12236809730529785
0.12600302696228027
0.12568235397338867
0.12377142906188965
0.12376284599304199
0.12515735626220703
0.12573504447937012
0.1214451789855957
0.12416648864746094
0.12597298622131348
0.12482166290283203
0.12264037132263184
0.12562775611877441
0.12500333786010742
0.12700319290161133
0.12187433242797852
0.12523698806762695
0.12461280822753906
0.12468266487121582
0.12176990509033203
0.12651586532592773
0.1250293254852295
0.12384223937988281
0.12238311767578125
0.12638330459594727
0.1249246597290039
0.12288260459899902
0.12405729293823242
0.1263587474822998
0.1237945556640625
0.12361502647399902
0.12398362159729004
0.12674403190612793
0.12393522262573242
0.12382745742797852
0.12433409690856934
0.1269526481628418
0.12428045272827148
0.12292027473449707
0.12523126602172852
0.12613272666931152
0.12293553352355957
0.12398552894592285
0.12616729736328125
0.12518739700317383
0.12134671211242676
0.1258397102355957
0.12481427192687988
0.12441444396972656
0.12356281280517578
0.12591075897216797
0.12543106079101562
0.12415790557861328
0.12293052673339844
0.12592220306396484
0.12471604347229004
0.12658309936523438
0.12118649482727051
0.12622928619384766
0.12446355819702148
0.12384033203125
0.12363481521606445
0.1269063949584961
0.12451887130737305
0.12270903587341309
0.12442922592163086
0.12676596641540527
0.12347936630249023
0.12384605407714844
0.12776994705200195
0.12668728828430176
0.12445783615112305
0.12543129920959473
0.12299060821533203
0.12673020362854004
0.12350821495056152
0.12413763999938965
0.1245260238647461
0.12670660018920898
0.1239478588104248
0.12300443649291992
0.12524175643920898
0.12606239318847656
0.12308907508850098
0.12493133544921875
0.12614679336547852
0.12436175346374512
0.12257790565490723
0.12435364723205566
0.12665104866027832
0.12506580352783203
0.12266087532043457
0.12475371360778809
0.12524962425231934
0.1254889965057373
0.12175464630126953
0.12561845779418945
0.12515568733215332
0.12640023231506348
0.1205909252166748
0.12540268898010254
0.1263408660888672
0.12375950813293457
0.12192201614379883
0.12592172622680664
0.12589192390441895
0.12425684928894043
0.12275266647338867
0.12571024894714355
0.1250760555267334
0.12367367744445801
0.1252133846282959
0.12564373016357422
0.12334346771240234
0.12337398529052734
0.1246185302734375
0.1250324249267578
0.12267065048217773
0.12407207489013672
0.12495994567871094
0.12578368186950684
0.1226034164428711
0.12485027313232422
0.12524890899658203
0.12713408470153809
0.12170529365539551
0.12498021125793457
0.1271817684173584
0.12278962135314941
0.12230467796325684
0.12611675262451172
0.12446475028991699
0.12390947341918945
0.12267661094665527
0.12642884254455566
0.12413573265075684
0.1236410140991211
0.12404179573059082
0.12694287300109863
0.12354040145874023
0.12540912628173828
0.12335801124572754
0.12661457061767578
0.12339448928833008
0.12410187721252441
0.12511229515075684
0.126265287399292
0.12217974662780762
0.12334871292114258
0.1262037754058838
0.12612533569335938
0.12178683280944824
0.12417769432067871
0.12769293785095215
0.12452101707458496
0.12268233299255371
0.12459945678710938
0.1261141300201416
0.12486839294433594
0.12143158912658691
0.12546730041503906
0.12479758262634277
0.12425994873046875
0.12273573875427246
0.1271679401397705
0.12469315528869629
0.1277005672454834
0.12169837951660156
0.12590241432189941
0.12480616569519043
0.12460088729858398
0.12276244163513184
0.12625503540039062
0.12459087371826172
0.12391185760498047
0.12290263175964355
0.1261301040649414
0.12476229667663574
0.1234426498413086
0.12520217895507812
0.126312255859375
0.12417078018188477
0.12265658378601074
0.12412238121032715
0.12607741355895996
0.12368965148925781
0.12354063987731934
0.12522077560424805
0.12562894821166992
0.12301826477050781
0.12445616722106934
0.12481212615966797
0.12574553489685059
0.12325882911682129
0.12449908256530762
0.1268918514251709
0.12350296974182129
0.1221623420715332
0.12576913833618164
0.12605690956115723
0.12316417694091797
0.12309598922729492
0.1271343231201172
0.12421345710754395
0.12436652183532715
0.12409234046936035
0.12600302696228027
0.1249842643737793
0.12514066696166992
0.12160205841064453
0.12632298469543457
0.12416696548461914
0.12343549728393555
0.12391018867492676
0.1257796287536621
0.12405967712402344
0.1233208179473877
0.12497878074645996
0.12669086456298828
0.12338781356811523
0.12282729148864746
0.12626290321350098
0.1253798007965088
0.12244439125061035
0.12426304817199707
0.12631797790527344
0.12491178512573242
0.12118744850158691
0.1256403923034668
0.12453103065490723
0.12435173988342285
0.12149429321289062
0.12598609924316406
0.12548828125
0.12486100196838379
0.12175440788269043
0.12647080421447754
0.12523174285888672
0.12334871292114258
0.12349915504455566
0.12564826011657715
0.1241159439086914
0.12370467185974121
0.12448406219482422
0.12746429443359375
0.1250321865081787
0.12251496315002441
0.12505650520324707
0.12669062614440918
0.12352657318115234
0.12387895584106445
0.12449002265930176
0.1254746913909912
0.12242817878723145
0.12441444396972656
0.12502479553222656
0.12473869323730469
0.12230944633483887
0.12592744827270508
0.1285245418548584
0.12163305282592773
0.12148499488830566
0.12624692916870117
0.12432074546813965
0.12467098236083984
0.12295031547546387
0.1262068748474121
0.12419986724853516
0.12356019020080566
0.12377810478210449
0.12553858757019043
0.12316083908081055
0.12249636650085449
0.12604403495788574
0.12506437301635742
0.12199282646179199
0.12323808670043945
0.12569355964660645
0.12512803077697754
0.12195205688476562
0.12593936920166016
0.12453508377075195
0.12474703788757324
0.1214592456817627
0.12623953819274902
0.12592768669128418
0.12375926971435547
0.12155842781066895
0.1258857250213623
0.1243898868560791
0.12285470962524414
0.12305998802185059
0.12533307075500488
0.12315535545349121
0.12394499778747559
0.12421751022338867
0.12653636932373047
0.12243461608886719
0.1243894100189209
0.12578701972961426
0.12384462356567383
0.12234997749328613
0.1261453628540039
0.12423539161682129
0.12384486198425293
0.1228797435760498
0.12664341926574707
0.1239328384399414
0.12265348434448242
0.1236724853515625
0.12607169151306152
0.12317371368408203
0.12269425392150879
0.12480711936950684
0.12505483627319336
0.12200593948364258
0.12416553497314453
0.12470865249633789
0.12404227256774902
0.12093305587768555
0.1262667179107666
0.12518548965454102
0.12380504608154297
0.12246298789978027
0.12575435638427734
0.12533926963806152
0.12400364875793457
0.1224513053894043
0.12595367431640625
0.12338757514953613
0.1226954460144043
0.1255652904510498
0.1252279281616211
0.12263870239257812
0.12459063529968262
0.12524032592773438
0.12489604949951172
0.12100076675415039
